t # 0
v 0 0
v 1 0
v 2 0
v 3 1
v 4 0
v 5 0
v 6 0
v 7 0
v 8 1
v 9 1
e 0 2 0 0.470
e 0 3 0 0.386
e 0 4 0 0.334
e 1 2 0 0.406
e 1 3 0 0.363
e 1 4 1 0.500
e 3 4 0 0.426
e 6 9 0 0.361
e 6 8 0 0.355
t # 1
v 0 1
v 1 4
v 2 0
v 3 0
v 4 0
v 5 1
v 6 0
v 7 0
v 8 0
v 9 0
v 10 2
e 0 3 0 0.382
e 1 2 0 0.408
e 2 6 0 0.338
e 3 5 0 0.354
e 3 4 0 0.365
e 4 6 0 0.302
e 5 6 0 0.524
t # 2
v 0 0
v 1 1
v 2 0
v 3 1
v 4 0
v 5 0
v 6 0
v 7 0
v 8 0
v 9 1
e 0 2 0 0.459
e 0 3 0 0.502
e 0 4 0 0.392
e 1 8 0 0.327
e 1 4 0 0.472
e 2 5 0 0.412
e 3 5 0 0.392
e 4 6 0 0.359
e 5 8 0 0.479
e 6 8 0 0.400
e 7 9 0 0.375
t # 3
v 0 0
v 1 0
v 2 0
v 3 0
v 4 1
v 5 0
v 6 2
v 7 0
v 8 0
v 9 7
e 0 3 1 0.394
e 0 5 0 0.429
e 1 2 0 0.310
e 1 3 1 0.399
e 2 3 0 0.387
e 2 4 0 0.445
e 2 5 1 0.362
e 4 9 0 0.463
e 5 7 0 0.381
e 5 8 1 0.394
t # 4
v 0 0
v 1 0
v 2 0
v 3 2
v 4 0
v 5 0
v 6 2
v 7 5
v 8 1
v 9 0
e 0 8 0 0.454
e 1 2 0 0.378
e 1 3 1 0.509
e 1 4 0 0.437
e 3 9 1 0.346
e 3 5 1 0.355
e 4 5 0 0.372
e 5 6 0 0.304
e 6 8 1 0.340
e 7 9 0 0.310
t # 5
v 0 2
v 1 0
v 2 1
v 3 2
v 4 0
v 5 0
v 6 5
v 7 0
v 8 0
v 9 0
e 0 2 1 0.439
e 1 3 1 0.428
e 1 4 0 0.404
e 1 5 1 0.400
e 2 6 1 0.366
e 3 8 1 0.353
e 3 9 1 0.405
e 5 7 0 0.433
t # 6
v 0 0
v 1 0
v 2 1
v 3 0
v 4 0
v 5 1
v 6 0
v 7 0
v 8 11
v 9 0
e 0 6 0 0.330
e 1 2 0 0.395
e 1 3 0 0.386
e 1 4 1 0.360
e 2 3 0 0.445
e 4 5 0 0.368
e 5 7 0 0.392
e 5 8 0 0.459
e 5 9 0 0.332
t # 7
v 0 1
v 1 0
v 2 0
v 3 0
v 4 0
v 5 0
v 6 0
v 7 2
v 8 2
v 9 0
e 0 2 0 0.341
e 1 3 1 0.426
e 1 4 0 0.258
e 1 5 1 0.441
e 2 6 0 0.438
e 2 7 1 0.394
e 3 4 1 0.385
e 3 5 0 0.425
e 4 6 0 0.354
e 6 8 0 0.358
e 8 9 1 0.394
t # 8
v 0 2
v 1 1
v 2 0
v 3 0
v 4 0
v 5 1
v 6 1
v 7 0
v 8 0
v 9 9
e 0 3 0 0.420
e 0 4 0 0.475
e 1 2 0 0.451
e 2 5 0 0.445
e 2 6 0 0.391
e 3 5 0 0.371
e 4 5 1 0.390
e 6 7 0 0.482
t # 9
v 0 0
v 1 0
v 2 0
v 3 0
v 4 1
v 5 1
v 6 1
v 7 0
v 8 0
v 9 5
e 0 2 1 0.347
e 0 3 0 0.412
e 2 4 0 0.352
e 2 5 1 0.397
e 2 6 1 0.422
e 2 7 0 0.327
e 4 8 0 0.406
e 5 9 0 0.352
e 6 9 1 0.397
e 7 9 1 0.422
e 8 9 0 0.327
t # 10
v 0 2
v 1 0
v 2 0
v 3 0
v 4 0
v 5 0
v 6 1
v 7 0
v 8 0
v 9 0
e 0 2 1 0.526
e 0 3 1 0.333
e 1 7 0 0.323
e 1 8 0 0.436
e 1 9 0 0.490
e 2 4 1 0.420
e 2 5 0 0.376
e 2 6 1 0.359
t # 11
v 0 1
v 1 0
v 2 0
v 3 0
v 4 1
v 5 0
v 6 0
v 7 0
v 8 1
v 9 2
e 0 2 0 0.372
e 1 3 0 0.344
e 1 4 0 0.429
e 2 4 1 0.381
e 2 8 0 0.460
e 2 9 1 0.373
e 4 5 0 0.375
e 4 7 0 0.414
e 6 7 0 0.432
e 7 9 0 0.440
t # 12
v 0 0
v 1 0
v 2 0
v 3 0
v 4 0
v 5 0
v 6 0
v 7 0
v 8 0
v 9 0
e 0 3 0 0.334
e 0 4 0 0.380
e 0 5 0 0.393
e 1 2 0 0.427
e 4 5 0 0.337
e 4 6 0 0.354
e 6 7 0 0.418
e 6 8 0 0.448
e 6 9 0 0.319
t # 13
v 0 0
v 1 0
v 2 0
v 3 2
v 4 0
v 5 0
v 6 0
v 7 0
v 8 0
v 9 1
e 0 2 0 0.336
e 0 3 0 0.414
e 1 3 1 0.415
e 2 6 0 0.317
e 3 4 1 0.359
e 3 5 1 0.383
e 4 5 0 0.352
e 5 6 0 0.352
e 5 7 0 0.323
e 6 8 0 0.453
e 6 9 0 0.393
t # 14
v 0 0
v 1 0
v 2 1
v 3 0
v 4 0
v 5 0
v 6 1
v 7 1
v 8 2
v 9 0
e 0 8 0 0.369
e 0 9 0 0.399
e 1 2 0 0.355
e 1 3 0 0.466
e 2 3 0 0.415
e 4 6 0 0.326
e 4 5 0 0.334
e 4 7 0 0.415
e 5 7 0 0.411
t # 15
v 0 0
v 1 5
v 2 0
v 3 0
v 4 0
v 5 0
v 6 1
v 7 0
v 8 0
v 9 0
e 0 2 0 0.414
e 1 3 1 0.550
e 1 4 0 0.455
e 2 3 0 0.347
e 2 4 0 0.423
e 3 4 0 0.402
e 3 6 1 0.378
e 4 9 0 0.494
e 5 7 1 0.356
e 6 9 0 0.399
t # 16
v 0 0
v 1 0
v 2 0
v 3 4
v 4 2
v 5 11
v 6 0
v 7 0
v 8 0
v 9 2
e 0 2 0 0.399
e 0 3 0 0.484
e 1 6 0 0.370
e 1 7 0 0.296
e 2 4 0 0.319
e 2 5 0 0.368
e 3 7 0 0.370
e 4 6 1 0.476
e 4 8 0 0.388
e 5 6 0 0.399
e 8 9 0 0.435
t # 17
v 0 2
v 1 1
v 2 0
v 3 1
v 4 5
v 5 0
v 6 0
v 7 1
v 8 1
v 9 0
v 10 0
e 0 4 0 0.434
e 1 2 0 0.418
e 2 3 0 0.379
e 2 4 0 0.393
e 3 4 1 0.454
t # 18
v 0 2
v 1 0
v 2 0
v 3 0
v 4 0
v 5 0
v 6 0
v 7 0
v 8 1
v 9 2
e 0 3 1 0.352
e 1 2 0 0.435
e 2 6 0 0.387
e 2 7 0 0.358
e 2 8 1 0.451
e 3 5 0 0.429
e 3 6 0 0.314
e 4 7 0 0.286
e 4 8 0 0.421
e 4 6 1 0.435
e 5 7 0 0.320
e 5 9 0 0.405
e 6 7 0 0.449
e 6 8 1 0.518
e 7 8 0 0.411
t # 19
v 0 0
v 1 0
v 2 1
v 3 0
v 4 0
v 5 0
v 6 2
v 7 1
v 8 0
v 9 1
e 0 2 0 0.386
e 0 3 0 0.353
e 0 4 0 0.422
e 1 3 0 0.385
e 1 4 0 0.313
e 1 5 1 0.403
e 2 8 1 0.380
e 3 6 1 0.404
e 3 7 1 0.439
e 5 7 0 0.376
t # 20
v 0 0
v 1 1
v 2 3
v 3 0
v 4 0
v 5 0
v 6 0
v 7 0
v 8 1
v 9 0
e 0 2 0 0.424
e 0 3 0 0.388
e 0 4 0 0.411
e 1 5 1 0.425
e 1 6 0 0.431
e 2 6 1 0.357
e 3 6 1 0.427
e 4 5 0 0.285
e 4 6 0 0.434
t # 21
v 0 0
v 1 0
v 2 0
v 3 0
v 4 2
v 5 2
v 6 1
v 7 0
v 8 0
v 9 0
v 10 1
e 0 2 0 0.379
e 0 3 0 0.433
e 1 4 0 0.420
e 1 5 0 0.401
e 1 6 1 0.483
e 2 7 0 0.378
e 3 4 0 0.352
e 3 5 0 0.475
e 3 6 1 0.395
e 4 5 1 0.395
t # 22
v 0 0
v 1 0
v 2 0
v 3 0
v 4 0
v 5 0
v 6 0
v 7 1
v 8 0
v 9 2
e 0 2 0 0.365
e 0 3 0 0.430
e 0 4 0 0.383
e 1 3 0 0.335
e 1 2 0 0.488
e 2 4 0 0.373
e 4 8 0 0.321
e 6 9 1 0.471
t # 23
v 0 0
v 1 1
v 2 0
v 3 1
v 4 0
v 5 0
v 6 2
v 7 0
v 8 2
v 9 0
e 0 6 1 0.344
e 0 2 0 0.333
e 0 7 1 0.423
e 1 2 0 0.346
e 1 3 1 0.435
e 3 4 1 0.464
e 5 7 0 0.375
e 5 9 0 0.485
e 7 8 1 0.382
t # 24
v 0 0
v 1 0
v 2 0
v 3 1
v 4 0
v 5 0
v 6 0
v 7 5
v 8 0
v 9 1
e 0 2 0 0.340
e 0 3 0 0.450
e 1 3 1 0.338
e 1 4 0 0.376
e 1 5 0 0.330
e 2 8 0 0.420
e 3 4 1 0.443
e 7 9 0 0.324
t # 25
v 0 0
v 1 0
v 2 0
v 3 5
v 4 0
v 5 0
v 6 2
v 7 0
v 8 0
v 9 1
e 0 4 1 0.389
e 0 5 0 0.428
e 1 2 0 0.359
e 1 3 0 0.412
e 1 4 0 0.421
e 3 8 1 0.391
e 3 9 1 0.444
e 4 6 1 0.432
e 4 7 0 0.326
t # 26
v 0 0
v 1 0
v 2 4
v 3 2
v 4 0
v 5 0
v 6 0
v 7 0
v 8 0
v 9 2
e 0 7 0 0.374
e 0 1 0 0.436
e 1 2 1 0.452
e 2 6 0 0.433
e 3 4 0 0.311
e 3 5 0 0.405
e 4 6 0 0.451
e 5 9 1 0.358
e 6 8 1 0.511
t # 27
v 0 0
v 1 0
v 2 0
v 3 2
v 4 0
v 5 0
v 6 1
v 7 1
v 8 0
v 9 1
v 10 2
v 11 0
v 12 0
e 0 1 0 0.408
e 0 5 0 0.374
e 0 8 1 0.437
e 1 2 0 0.530
e 2 3 0 0.382
e 2 7 1 0.454
e 3 4 0 0.410
e 4 6 1 0.365
e 4 5 0 0.323
e 5 11 0 0.429
e 8 9 0 0.254
e 8 10 1 0.365
e 10 11 0 0.405
e 11 12 0 0.410
t # 28
v 0 0
v 1 0
v 2 4
v 3 0
v 4 0
v 5 2
v 6 0
v 7 0
v 8 0
v 9 0
v 10 0
v 11 0
v 12 0
v 13 0
v 14 0
v 15 0
e 0 2 1 0.408
e 0 3 0 0.489
e 0 4 0 0.295
e 1 3 0 0.357
e 1 4 0 0.405
e 2 6 1 0.439
e 3 5 0 0.388
e 3 6 0 0.402
e 4 7 1 0.312
e 4 8 0 0.379
e 5 6 0 0.476
t # 29
v 0 0
v 1 0
v 2 0
v 3 0
v 4 2
v 5 0
v 6 0
v 7 2
v 8 0
v 9 0
e 0 5 1 0.404
e 0 6 0 0.358
e 0 7 1 0.387
e 1 2 0 0.459
e 1 3 0 0.467
e 1 4 0 0.414
e 2 9 1 0.393
e 3 9 1 0.393
e 5 8 1 0.419
t # 30
v 0 0
v 1 1
v 2 0
v 3 2
v 4 0
v 5 0
v 6 5
v 7 0
v 8 0
v 9 0
v 10 3
e 0 5 1 0.380
e 0 6 0 0.298
e 1 2 1 0.365
e 1 3 0 0.316
e 2 3 1 0.405
e 2 4 0 0.337
e 2 5 0 0.406
e 3 4 0 0.483
e 4 5 0 0.419
e 5 6 1 0.493
t # 31
v 0 5
v 1 2
v 2 0
v 3 0
v 4 0
v 5 0
v 6 0
v 7 2
v 8 0
v 9 0
v 10 0
e 0 3 0 0.442
e 1 2 0 0.422
e 1 3 0 0.436
e 2 3 0 0.442
e 3 4 1 0.308
e 3 5 0 0.368
e 4 6 1 0.359
e 5 6 0 0.363
e 5 7 1 0.436
e 7 10 0 0.402
e 7 8 0 0.325
t # 32
v 0 2
v 1 0
v 2 0
v 3 0
v 4 0
v 5 0
v 6 5
v 7 0
v 8 0
v 9 0
e 0 3 1 0.439
e 0 4 0 0.399
e 1 2 0 0.388
e 2 7 0 0.396
e 2 5 0 0.332
e 4 5 0 0.372
e 4 6 0 0.476
e 6 8 0 0.332
e 6 9 0 0.403
t # 33
v 0 0
v 1 0
v 2 2
v 3 0
v 4 0
v 5 0
v 6 1
v 7 0
v 8 0
v 9 0
e 0 1 0 0.469
e 1 2 1 0.354
e 1 3 0 0.368
e 1 4 1 0.373
e 2 6 0 0.397
e 2 7 1 0.385
e 3 4 0 0.479
e 3 5 0 0.456
e 6 8 0 0.448
e 7 8 0 0.417
t # 34
v 0 0
v 1 1
v 2 7
v 3 0
v 4 1
v 5 1
v 6 1
v 7 1
v 8 0
v 9 0
e 1 2 0 0.346
e 1 3 0 0.330
e 2 7 0 0.402
e 2 8 0 0.440
e 2 9 1 0.338
e 3 4 0 0.276
e 3 5 0 0.418
e 3 6 1 0.391
e 5 9 0 0.360
t # 35
v 0 1
v 1 0
v 2 2
v 3 1
v 4 0
v 5 0
v 6 0
v 7 0
v 8 0
v 9 0
e 0 6 0 0.452
e 0 7 0 0.424
e 1 2 0 0.404
e 1 3 0 0.368
e 1 4 0 0.423
e 3 9 0 0.445
e 3 6 0 0.453
e 4 5 0 0.322
e 7 8 0 0.383
t # 36
v 0 1
v 1 0
v 2 0
v 3 1
v 4 1
v 5 1
v 6 0
v 7 5
v 8 0
v 9 0
e 0 2 0 0.382
e 2 3 0 0.423
e 2 4 1 0.358
e 2 5 1 0.312
e 2 6 0 0.379
e 4 7 0 0.423
e 5 7 1 0.358
e 6 7 1 0.312
e 7 8 0 0.395
e 7 9 1 0.433
t # 37
v 0 0
v 1 0
v 2 0
v 3 0
v 4 0
v 5 0
v 6 1
v 7 2
v 8 16
v 9 1
v 10 3
e 0 1 0 0.383
e 0 5 1 0.331
e 1 2 0 0.461
e 2 3 1 0.309
e 2 8 0 0.467
e 3 4 0 0.376
e 4 7 0 0.344
e 4 5 1 0.261
e 5 6 1 0.340
e 8 9 0 0.357
t # 38
v 0 0
v 1 0
v 2 0
v 3 5
v 4 0
v 5 0
v 6 0
v 7 0
v 8 0
v 9 0
v 10 3
e 0 6 0 0.439
e 1 2 0 0.425
e 1 3 1 0.409
e 1 4 0 0.360
e 2 6 0 0.340
e 2 7 1 0.506
e 3 4 0 0.380
e 4 6 0 0.467
e 7 10 1 0.399
t # 39
v 0 0
v 1 0
v 2 2
v 3 0
v 4 0
v 5 5
v 6 0
v 7 0
v 8 0
v 9 0
v 10 0
v 11 0
v 12 0
v 13 0
e 0 4 0 0.438
e 1 2 0 0.403
e 1 3 0 0.502
e 2 3 0 0.323
e 2 4 0 0.349
e 3 6 0 0.426
e 4 5 0 0.387
e 4 6 0 0.338
e 7 13 0 0.402
t # 40
v 0 0
v 1 0
v 2 0
v 3 0
v 4 0
v 5 0
v 6 0
v 7 0
v 8 0
v 9 0
e 0 2 0 0.346
e 1 3 1 0.347
e 1 4 0 0.337
e 1 5 1 0.401
e 3 8 0 0.335
e 4 7 0 0.347
e 5 6 0 0.383
e 5 7 0 0.431
e 5 8 1 0.398
e 6 8 0 0.433
e 6 7 0 0.345
e 7 8 0 0.395
t # 41
v 0 0
v 1 0
v 2 0
v 3 0
v 4 0
v 5 0
v 6 0
v 7 0
v 8 0
v 9 0
e 1 2 0 0.361
e 1 3 0 0.382
e 5 6 0 0.478
e 5 7 0 0.360
e 6 8 0 0.339
e 6 9 0 0.442
t # 42
v 0 0
v 1 0
v 2 0
v 3 0
v 4 0
v 5 0
v 6 2
v 7 0
v 8 0
v 9 2
e 0 4 0 0.323
e 0 5 0 0.370
e 1 2 0 0.345
e 1 3 0 0.406
e 2 4 0 0.440
e 3 5 1 0.442
e 4 6 0 0.405
e 4 7 0 0.468
e 5 8 0 0.292
e 7 9 0 0.443
t # 43
v 0 0
v 1 0
v 2 1
v 3 0
v 4 0
v 5 0
v 6 0
v 7 3
v 8 1
v 9 0
e 0 2 0 0.343
e 0 3 0 0.489
e 0 4 0 0.360
e 1 5 0 0.400
e 1 6 0 0.428
e 2 3 0 0.378
e 2 4 0 0.383
e 3 8 0 0.401
e 3 6 0 0.451
e 3 9 0 0.473
e 6 8 0 0.500
t # 44
v 0 1
v 1 7
v 2 0
v 3 0
v 4 1
v 5 1
v 6 1
v 7 1
v 8 0
v 9 7
e 0 2 0 0.408
e 0 3 0 0.423
e 1 4 0 0.394
e 1 5 0 0.442
e 1 6 1 0.426
e 1 7 0 0.420
e 2 8 0 0.410
e 8 9 0 0.389
t # 45
v 0 0
v 1 5
v 2 0
v 3 0
v 4 0
v 5 0
v 6 0
v 7 0
v 8 1
v 9 2
e 0 1 0 0.402
e 0 2 0 0.429
e 0 3 1 0.415
e 1 2 0 0.365
e 2 4 0 0.478
e 2 5 1 0.390
e 8 9 1 0.326
t # 46
v 0 0
v 1 0
v 2 0
v 3 0
v 4 0
v 5 1
v 6 2
v 7 1
v 8 0
v 9 0
e 0 2 1 0.405
e 0 3 1 0.437
e 0 4 0 0.345
e 1 5 0 0.396
e 1 6 0 0.472
e 2 6 0 0.371
e 2 7 0 0.412
e 2 8 1 0.445
e 3 4 0 0.320
e 3 5 0 0.462
e 4 9 0 0.358
t # 47
v 0 0
v 1 0
v 2 0
v 3 1
v 4 0
v 5 0
v 6 1
v 7 0
v 8 0
v 9 0
e 0 2 1 0.463
e 0 3 0 0.354
e 0 4 0 0.469
e 0 5 0 0.376
e 1 8 0 0.439
e 1 9 0 0.410
e 1 2 1 0.399
e 2 3 0 0.404
e 2 4 0 0.417
e 2 5 0 0.448
e 3 7 1 0.283
e 4 6 0 0.473
e 4 7 0 0.407
e 8 9 0 0.413
t # 48
v 0 1
v 1 5
v 2 0
v 3 0
v 4 0
v 5 0
v 6 0
v 7 0
v 8 2
v 9 0
e 0 2 1 0.489
e 0 3 0 0.461
e 1 6 0 0.320
e 1 5 0 0.377
e 2 5 1 0.400
e 3 9 0 0.405
e 4 6 0 0.502
e 4 7 0 0.428
e 5 7 0 0.356
e 5 8 0 0.392
e 6 7 1 0.386
e 7 8 0 0.329
e 7 9 0 0.402
t # 49
v 0 0
v 1 2
v 2 1
v 3 2
v 4 0
v 5 0
v 6 2
v 7 0
v 8 0
v 9 0
e 0 2 0 0.355
e 0 3 1 0.327
e 0 4 0 0.412
e 1 2 0 0.452
e 1 6 1 0.438
e 2 3 0 0.420
e 3 9 1 0.373
e 4 7 0 0.320
e 4 8 0 0.343
e 8 9 1 0.500
t # 50
v 0 5
v 1 0
v 2 1
v 3 0
v 4 1
v 5 1
v 6 1
v 7 0
v 8 0
v 9 2
e 0 4 0 0.446
e 0 5 1 0.378
e 0 6 1 0.390
e 0 7 0 0.367
e 1 2 1 0.401
e 1 3 0 0.384
e 1 4 1 0.430
e 3 8 0 0.420
e 3 9 0 0.531
e 4 5 0 0.410
t # 51
v 0 2
v 1 0
v 2 0
v 3 0
v 4 5
v 5 0
v 6 0
v 7 0
v 8 0
v 9 1
e 0 2 1 0.455
e 0 3 0 0.368
e 1 4 0 0.449
e 1 5 1 0.498
e 2 3 1 0.431
e 5 6 1 0.413
e 6 7 0 0.376
e 6 8 0 0.427
e 8 9 0 0.403
t # 52
v 0 1
v 1 1
v 2 1
v 3 0
v 4 2
v 5 5
v 6 1
v 7 1
v 8 0
v 9 0
e 0 8 1 0.412
e 1 2 0 0.395
e 2 5 0 0.437
e 3 4 0 0.425
e 3 5 1 0.378
e 4 8 1 0.299
e 4 9 0 0.388
e 5 7 1 0.402
e 5 8 0 0.354
e 7 8 1 0.381
t # 53
v 0 0
v 1 2
v 2 0
v 3 0
v 4 0
v 5 0
v 6 2
v 7 0
v 8 0
v 9 1
e 0 2 0 0.460
e 0 3 0 0.452
e 1 5 1 0.387
e 1 6 1 0.364
e 2 9 0 0.371
e 3 4 1 0.413
e 5 7 0 0.519
e 5 8 1 0.360
t # 54
v 0 0
v 1 1
v 2 0
v 3 0
v 4 0
v 5 0
v 6 0
v 7 2
v 8 0
v 9 0
e 0 3 1 0.356
e 0 4 0 0.357
e 1 2 0 0.348
e 2 5 1 0.483
e 2 4 0 0.357
e 3 5 0 0.341
e 4 5 0 0.417
e 4 6 0 0.365
e 5 8 0 0.371
t # 55
v 0 0
v 1 5
v 2 2
v 3 2
v 4 0
v 5 2
v 6 0
v 7 0
v 8 0
v 9 0
e 0 2 1 0.448
e 0 3 0 0.338
e 0 4 0 0.412
e 2 6 0 0.336
e 2 7 1 0.427
e 2 8 0 0.327
e 3 5 1 0.457
e 5 9 0 0.371
e 6 9 0 0.419
t # 56
v 0 0
v 1 0
v 2 2
v 3 0
v 4 3
v 5 1
v 6 0
v 7 0
v 8 5
v 9 1
e 0 3 1 0.393
e 0 4 0 0.400
e 0 5 1 0.483
e 1 2 0 0.456
e 1 3 0 0.381
e 2 6 1 0.474
e 2 7 0 0.359
e 2 8 1 0.561
e 5 8 1 0.415
e 8 9 0 0.323
t # 57
v 0 0
v 1 2
v 2 0
v 3 0
v 4 0
v 5 0
v 6 0
v 7 2
v 8 0
v 9 0
e 0 3 0 0.423
e 0 2 0 0.398
e 0 4 0 0.376
e 1 2 0 0.342
e 1 3 1 0.515
e 2 4 0 0.401
e 2 5 0 0.450
e 2 6 1 0.366
e 3 8 0 0.362
e 3 9 0 0.408
e 4 6 1 0.309
e 4 7 1 0.429
e 4 8 0 0.411
e 5 9 0 0.391
t # 58
v 0 1
v 1 0
v 2 5
v 3 1
v 4 0
v 5 0
v 6 1
v 7 0
v 8 2
v 9 0
e 0 2 1 0.380
e 1 6 1 0.532
e 1 2 0 0.448
e 2 3 0 0.371
e 2 4 1 0.450
e 3 8 1 0.479
e 4 5 0 0.397
e 5 6 1 0.359
e 6 8 0 0.415
t # 59
v 0 0
v 1 1
v 2 0
v 3 0
v 4 0
v 5 0
v 6 0
v 7 1
v 8 1
v 9 0
v 10 0
e 0 6 0 0.390
e 0 7 0 0.385
e 0 4 0 0.347
e 1 2 0 0.246
e 2 3 0 0.352
e 2 4 0 0.498
e 2 5 0 0.455
e 4 8 0 0.413
e 5 7 0 0.353
t # 60
v 0 2
v 1 0
v 2 0
v 3 4
v 4 0
v 5 1
v 6 0
v 7 2
v 8 2
v 9 1
e 0 7 0 0.468
e 0 8 1 0.476
e 1 2 0 0.446
e 1 3 1 0.332
e 1 4 0 0.389
e 3 5 0 0.345
e 3 6 0 0.383
e 7 9 0 0.425
t # 61
v 0 0
v 1 2
v 2 1
v 3 0
v 4 0
v 5 0
v 6 0
v 7 0
v 8 0
v 9 0
e 0 5 1 0.346
e 0 6 0 0.444
e 0 7 0 0.420
e 1 2 0 0.404
e 1 3 1 0.484
e 3 4 0 0.378
e 5 8 0 0.343
e 5 9 1 0.427
t # 62
v 0 0
v 1 0
v 2 2
v 3 0
v 4 0
v 5 0
v 6 0
v 7 0
v 8 1
v 9 2
e 1 2 0 0.383
e 1 3 0 0.451
e 2 4 0 0.381
e 3 4 0 0.349
e 3 5 0 0.403
e 4 6 1 0.469
e 4 7 0 0.322
e 6 8 1 0.434
e 6 9 0 0.399
e 7 9 0 0.461
t # 63
v 0 0
v 1 0
v 2 0
v 3 1
v 4 0
v 5 0
v 6 0
v 7 0
v 8 2
v 9 0
e 0 1 0 0.372
e 0 3 0 0.452
e 0 4 1 0.381
e 1 2 1 0.449
e 2 4 0 0.323
e 2 5 0 0.459
e 2 6 1 0.450
e 3 7 0 0.460
e 7 8 1 0.378
e 7 9 0 0.365
e 8 9 0 0.352
t # 64
v 0 1
v 1 0
v 2 0
v 3 1
v 4 0
v 5 1
v 6 0
v 7 2
v 8 0
v 9 0
v 10 1
v 11 0
v 12 0
e 0 1 0 0.419
e 1 2 0 0.394
e 1 8 0 0.471
e 2 3 0 0.409
e 2 4 0 0.428
e 4 5 0 0.288
e 4 6 0 0.418
e 6 7 0 0.376
e 7 12 0 0.403
e 7 8 0 0.295
e 8 9 0 0.359
e 9 10 0 0.422
e 9 11 0 0.381
e 11 12 0 0.417
t # 65
v 0 1
v 1 0
v 2 1
v 3 0
v 4 0
v 5 0
v 6 1
v 7 0
v 8 2
v 9 0
e 0 2 0 0.408
e 1 4 0 0.533
e 1 5 0 0.451
e 2 6 0 0.371
e 2 7 0 0.461
e 3 5 1 0.364
e 3 6 0 0.420
e 6 7 0 0.489
e 7 8 0 0.424
t # 66
v 0 0
v 1 0
v 2 0
v 3 1
v 4 0
v 5 0
v 6 1
v 7 0
v 8 0
v 9 2
e 0 2 1 0.360
e 0 3 0 0.339
e 1 7 0 0.309
e 1 8 0 0.385
e 1 9 1 0.401
e 2 3 1 0.282
e 2 4 0 0.487
e 4 5 0 0.411
e 4 6 1 0.374
e 5 7 0 0.437
e 5 8 1 0.361
t # 67
v 0 1
v 1 0
v 2 0
v 3 5
v 4 0
v 5 0
v 6 0
v 7 0
v 8 0
v 9 4
e 0 5 0 0.467
e 0 6 1 0.417
e 1 2 1 0.409
e 2 5 0 0.445
e 3 7 0 0.366
e 3 8 0 0.452
e 4 5 0 0.422
e 8 9 1 0.392
t # 68
v 0 0
v 1 0
v 2 0
v 3 0
v 4 0
v 5 0
v 6 0
v 7 0
v 8 1
v 9 0
e 0 5 0 0.316
e 0 6 0 0.365
e 1 2 0 0.447
e 1 3 0 0.439
e 1 4 0 0.336
e 3 9 0 0.434
e 3 7 0 0.438
e 6 7 0 0.375
e 6 8 0 0.382
t # 69
v 0 1
v 1 0
v 2 0
v 3 0
v 4 0
v 5 0
v 6 0
v 7 0
v 8 0
v 9 0
e 0 2 0 0.433
e 1 2 0 0.431
e 2 3 0 0.354
e 2 4 1 0.375
e 3 4 0 0.401
e 3 5 0 0.385
e 3 6 0 0.378
e 5 6 0 0.336
t # 70
v 0 1
v 1 0
v 2 0
v 3 1
v 4 0
v 5 0
v 6 0
v 7 2
v 8 0
v 9 7
e 0 8 0 0.438
e 0 9 0 0.479
e 1 2 0 0.356
e 1 3 0 0.466
e 3 9 0 0.386
e 4 5 0 0.426
e 4 6 0 0.520
e 4 7 0 0.371
e 5 8 0 0.346
t # 71
v 0 0
v 1 0
v 2 2
v 3 1
v 4 0
v 5 0
v 6 0
v 7 0
v 8 0
v 9 0
e 0 2 0 0.365
e 0 3 0 0.371
e 0 4 0 0.381
e 1 4 0 0.351
e 2 8 0 0.483
e 2 7 0 0.300
e 3 9 0 0.415
e 5 6 1 0.332
e 5 7 1 0.360
e 7 8 0 0.471
t # 72
v 0 1
v 1 0
v 2 0
v 3 0
v 4 0
v 5 1
v 6 2
v 7 1
v 8 0
v 9 0
e 0 2 1 0.401
e 1 3 0 0.398
e 1 4 0 0.443
e 2 5 1 0.374
e 2 6 0 0.397
e 3 4 0 0.453
e 3 7 0 0.425
e 4 5 1 0.493
e 4 6 0 0.382
e 5 6 0 0.392
e 6 8 0 0.378
e 6 9 0 0.409
t # 73
v 0 1
v 1 1
v 2 0
v 3 0
v 4 0
v 5 0
v 6 2
v 7 1
v 8 0
v 9 0
v 10 0
v 11 0
v 12 0
v 13 5
e 0 4 0 0.305
e 1 2 0 0.435
e 1 3 0 0.329
e 2 4 0 0.480
e 2 5 0 0.418
e 3 6 0 0.385
e 3 7 0 0.469
e 3 8 0 0.417
e 4 7 0 0.399
e 5 7 1 0.407
e 5 8 0 0.376
e 6 7 1 0.422
e 6 8 0 0.413
t # 74
v 0 0
v 1 0
v 2 0
v 3 0
v 4 0
v 5 0
v 6 0
v 7 0
v 8 0
v 9 0
e 0 5 1 0.338
e 0 6 1 0.345
e 1 2 0 0.385
e 1 3 0 0.507
e 1 4 0 0.338
e 2 7 0 0.372
e 3 7 1 0.368
e 6 9 0 0.420
e 7 8 0 0.400
t # 75
v 0 0
v 1 0
v 2 0
v 3 0
v 4 0
v 5 0
v 6 0
v 7 0
v 8 0
v 9 0
e 0 2 1 0.351
e 0 3 0 0.377
e 0 4 0 0.425
e 2 4 0 0.426
e 2 5 0 0.421
e 2 6 1 0.428
e 3 5 0 0.409
e 3 6 0 0.451
e 3 4 0 0.516
e 8 9 0 0.425
t # 76
v 0 0
v 1 0
v 2 2
v 3 0
v 4 0
v 5 0
v 6 2
v 7 0
v 8 0
v 9 1
e 0 2 0 0.456
e 0 3 0 0.432
e 1 4 0 0.371
e 1 5 1 0.380
e 3 4 0 0.442
e 3 5 0 0.350
e 4 6 0 0.498
e 5 6 0 0.366
t # 77
v 0 2
v 1 2
v 2 1
v 3 0
v 4 0
v 5 1
v 6 0
v 7 2
v 8 0
v 9 2
e 0 4 0 0.313
e 0 5 1 0.302
e 1 2 0 0.373
e 1 3 0 0.448
e 2 4 1 0.509
e 3 5 0 0.363
e 3 6 0 0.369
e 4 9 0 0.355
e 4 8 0 0.393
e 6 8 0 0.438
e 6 7 0 0.369
t # 78
v 0 1
v 1 0
v 2 0
v 3 0
v 4 0
v 5 0
v 6 0
v 7 0
v 8 2
v 9 2
e 0 2 1 0.396
e 1 3 0 0.347
e 1 4 0 0.398
e 1 5 0 0.411
e 2 7 0 0.410
e 3 8 0 0.434
e 4 6 0 0.425
e 5 9 0 0.506
e 6 8 1 0.419
t # 79
v 0 0
v 1 0
v 2 0
v 3 0
v 4 0
v 5 0
v 6 0
v 7 0
v 8 0
v 9 0
e 0 2 0 0.410
e 0 3 0 0.278
e 1 4 0 0.403
e 1 5 0 0.430
e 1 6 1 0.424
e 2 4 0 0.403
e 2 5 0 0.430
e 2 6 1 0.424
e 3 7 1 0.424
e 3 8 0 0.265
e 4 9 0 0.374
t # 80
v 0 0
v 1 1
v 2 0
v 3 0
v 4 2
v 5 2
v 6 0
v 7 0
v 8 0
v 9 0
e 1 2 1 0.424
e 2 3 0 0.366
e 2 4 1 0.373
e 2 5 0 0.391
e 3 5 1 0.366
e 3 6 0 0.324
e 3 7 0 0.429
e 4 9 0 0.387
e 5 8 0 0.485
t # 81
v 0 0
v 1 0
v 2 0
v 3 0
v 4 0
v 5 0
v 6 0
v 7 0
v 8 1
v 9 0
e 0 5 1 0.364
e 0 8 1 0.348
e 1 2 0 0.366
e 1 3 0 0.417
e 1 4 1 0.299
e 2 5 0 0.401
e 3 8 1 0.446
e 4 6 0 0.531
e 4 7 0 0.312
e 5 8 0 0.410
e 5 9 0 0.434
t # 82
v 0 0
v 1 0
v 2 0
v 3 0
v 4 0
v 5 0
v 6 5
v 7 0
v 8 0
v 9 0
v 10 0
v 11 0
v 12 2
v 13 1
v 14 1
e 0 1 0 0.339
e 0 5 1 0.425
e 1 2 0 0.400
e 2 3 1 0.403
e 3 4 0 0.419
e 3 6 1 0.401
e 4 5 1 0.382
e 6 7 0 0.371
e 6 13 1 0.447
e 6 14 1 0.347
e 7 8 0 0.424
e 7 12 1 0.367
e 8 9 0 0.303
e 9 10 1 0.436
e 10 11 0 0.422
e 11 12 0 0.386
t # 83
v 0 0
v 1 0
v 2 0
v 3 0
v 4 0
v 5 0
v 6 0
v 7 3
v 8 0
v 9 0
v 10 0
v 11 0
v 12 0
v 13 0
v 14 0
v 15 0
v 16 1
e 0 4 0 0.432
e 0 3 0 0.354
e 1 2 1 0.436
e 1 3 0 0.392
e 1 4 1 0.378
e 2 4 0 0.364
e 2 5 0 0.415
e 2 6 1 0.343
e 3 7 1 0.421
e 4 6 0 0.388
e 5 7 0 0.383
t # 84
v 0 2
v 1 0
v 2 1
v 3 0
v 4 0
v 5 0
v 6 0
v 7 0
v 8 0
v 9 0
e 0 2 0 0.374
e 0 3 1 0.316
e 1 3 0 0.439
e 1 4 0 0.451
e 2 6 1 0.433
e 3 7 1 0.420
e 4 7 1 0.298
e 4 8 1 0.326
e 4 9 0 0.342
t # 85
v 0 0
v 1 2
v 2 1
v 3 0
v 4 0
v 5 0
v 6 0
v 7 2
v 8 9
v 9 2
e 0 4 1 0.400
e 1 2 1 0.441
e 1 3 0 0.383
e 1 4 0 0.355
e 2 3 1 0.378
e 3 5 0 0.330
e 3 7 0 0.468
e 3 9 0 0.340
e 7 9 0 0.391
t # 86
v 0 0
v 1 0
v 2 2
v 3 0
v 4 0
v 5 0
v 6 0
v 7 0
v 8 0
v 9 0
v 10 2
e 0 2 0 0.320
e 0 3 0 0.305
e 0 1 1 0.419
e 1 5 0 0.379
e 1 6 0 0.352
e 2 5 1 0.399
e 3 6 0 0.437
e 3 7 0 0.375
e 4 7 0 0.339
e 4 8 0 0.391
e 5 10 0 0.371
t # 87
v 0 0
v 1 1
v 2 0
v 3 0
v 4 0
v 5 0
v 6 0
v 7 0
v 8 0
v 9 0
e 1 2 0 0.396
e 1 3 0 0.433
e 2 4 0 0.341
e 3 5 0 0.462
e 3 6 0 0.351
e 5 7 0 0.437
e 5 8 0 0.407
e 5 9 0 0.353
t # 88
v 0 4
v 1 2
v 2 0
v 3 0
v 4 2
v 5 1
v 6 0
v 7 0
v 8 1
v 9 0
e 0 2 0 0.357
e 1 3 1 0.253
e 1 4 0 0.416
e 1 5 0 0.459
e 2 3 0 0.302
e 3 4 0 0.472
e 4 9 0 0.372
e 8 9 1 0.439
t # 89
v 0 0
v 1 2
v 2 5
v 3 2
v 4 0
v 5 2
v 6 0
v 7 0
v 8 0
v 9 2
e 0 1 0 0.450
e 0 2 1 0.387
e 1 3 1 0.388
e 2 4 0 0.410
e 2 5 0 0.405
e 3 5 0 0.426
e 4 5 0 0.366
e 6 7 0 0.435
e 6 8 1 0.447
e 6 9 1 0.406
t # 90
v 0 0
v 1 0
v 2 1
v 3 1
v 4 2
v 5 1
v 6 0
v 7 0
v 8 0
v 9 0
v 10 0
v 11 0
e 0 2 0 0.376
e 0 3 0 0.429
e 1 4 0 0.431
e 1 7 0 0.456
e 2 5 1 0.469
e 3 6 0 0.393
e 4 6 1 0.393
e 4 5 0 0.345
e 5 7 0 0.405
t # 91
v 0 2
v 1 3
v 2 0
v 3 0
v 4 1
v 5 0
v 6 0
v 7 0
v 8 0
v 9 0
v 10 0
v 11 0
v 12 1
e 0 2 1 0.341
e 0 3 0 0.375
e 1 6 1 0.477
e 2 7 0 0.460
e 2 8 0 0.352
e 3 4 0 0.347
e 3 5 0 0.397
e 4 7 0 0.460
e 4 8 0 0.352
t # 92
v 0 0
v 1 0
v 2 0
v 3 0
v 4 0
v 5 0
v 6 1
v 7 2
v 8 0
v 9 0
e 0 3 0 0.442
e 0 4 0 0.374
e 1 2 0 0.419
e 1 3 0 0.446
e 2 5 0 0.382
e 2 6 0 0.391
e 4 5 0 0.430
e 4 6 0 0.470
e 4 7 0 0.375
e 7 8 0 0.464
e 8 9 0 0.325
t # 93
v 0 1
v 1 0
v 2 0
v 3 0
v 4 0
v 5 0
v 6 0
v 7 0
v 8 0
v 9 0
e 0 6 1 0.338
e 0 5 1 0.456
e 1 2 0 0.373
e 1 3 0 0.404
e 1 4 1 0.401
e 2 4 1 0.387
e 3 4 0 0.346
e 5 7 0 0.438
e 5 8 0 0.400
e 5 9 0 0.280
t # 94
v 0 0
v 1 0
v 2 0
v 3 0
v 4 0
v 5 1
v 6 0
v 7 0
v 8 0
v 9 0
v 10 0
v 11 0
e 0 6 0 0.352
e 0 7 1 0.395
e 0 8 1 0.369
e 1 2 0 0.461
e 1 3 0 0.452
e 2 3 1 0.446
e 2 4 0 0.384
e 2 5 0 0.399
e 3 7 0 0.422
e 3 4 1 0.409
e 3 5 0 0.378
e 4 5 0 0.411
t # 95
v 0 0
v 1 0
v 2 2
v 3 0
v 4 0
v 5 2
v 6 1
v 7 0
v 8 0
v 9 0
e 0 5 0 0.341
e 0 6 0 0.318
e 0 7 1 0.408
e 1 2 1 0.358
e 1 3 0 0.434
e 1 4 1 0.368
e 5 8 0 0.406
e 8 9 0 0.369
t # 96
v 0 2
v 1 1
v 2 0
v 3 0
v 4 0
v 5 0
v 6 0
v 7 6
v 8 0
v 9 0
e 0 2 0 0.395
e 0 3 1 0.434
e 1 4 0 0.349
e 2 6 0 0.406
e 2 7 0 0.470
e 2 8 1 0.498
e 3 5 0 0.434
e 3 6 1 0.428
e 4 9 0 0.413
e 5 8 0 0.442
e 6 8 1 0.401
t # 97
v 0 0
v 1 0
v 2 0
v 3 0
v 4 0
v 5 0
v 6 0
v 7 0
v 8 0
v 9 1
e 0 2 1 0.362
e 0 3 0 0.320
e 2 3 0 0.419
e 2 4 0 0.475
e 4 9 0 0.414
t # 98
v 0 0
v 1 0
v 2 5
v 3 1
v 4 0
v 5 0
v 6 0
v 7 1
v 8 1
v 9 1
e 0 2 0 0.378
e 0 3 0 0.535
e 1 4 0 0.450
e 1 5 0 0.403
e 2 6 0 0.416
e 2 7 1 0.541
e 2 8 1 0.498
e 2 9 1 0.459
e 4 5 0 0.454
e 4 6 0 0.413
t # 99
v 0 0
v 1 0
v 2 0
v 3 1
v 4 0
v 5 0
v 6 0
v 7 0
v 8 2
v 9 5
e 0 2 0 0.416
e 0 3 0 0.406
e 1 2 0 0.287
e 2 3 0 0.394
e 2 4 0 0.417
e 3 6 1 0.403
e 3 7 0 0.434
e 5 7 0 0.426
e 5 6 0 0.466
e 7 8 0 0.317
e 7 9 0 0.302
t # 100
v 0 0
v 1 0
v 2 0
v 3 1
v 4 0
v 5 0
v 6 0
v 7 0
v 8 3
v 9 0
e 0 2 0 0.350
e 1 2 0 0.353
e 2 3 0 0.387
e 2 4 0 0.395
e 2 5 1 0.331
e 3 4 1 0.446
t # 101
v 0 0
v 1 0
v 2 0
v 3 1
v 4 0
v 5 0
v 6 0
v 7 0
v 8 0
v 9 0
e 0 2 0 0.380
e 0 3 0 0.433
e 0 4 0 0.475
e 0 5 0 0.299
e 4 9 1 0.392
e 5 6 0 0.462
e 5 7 0 0.372
e 5 8 0 0.403
e 7 9 0 0.342
t # 102
v 0 0
v 1 1
v 2 1
v 3 1
v 4 0
v 5 5
v 6 0
v 7 0
v 8 1
v 9 0
e 0 3 0 0.375
e 0 4 0 0.465
e 1 2 0 0.357
e 2 5 0 0.422
e 3 5 1 0.351
e 6 7 0 0.438
e 6 8 0 0.449
e 6 9 0 0.374
t # 103
v 0 2
v 1 0
v 2 0
v 3 3
v 4 1
v 5 0
v 6 0
v 7 0
v 8 0
v 9 0
v 10 1
e 0 4 1 0.383
e 0 1 0 0.373
e 1 2 0 0.391
e 1 3 0 0.408
e 2 7 0 0.378
e 3 5 0 0.391
e 4 7 0 0.409
e 5 6 0 0.416
e 6 7 0 0.345
t # 104
v 0 0
v 1 0
v 2 0
v 3 3
v 4 0
v 5 0
v 6 0
v 7 0
v 8 0
v 9 1
e 0 3 0 0.474
e 0 4 0 0.411
e 0 5 0 0.391
e 1 2 0 0.460
e 2 4 0 0.371
e 2 5 1 0.384
e 3 5 1 0.440
e 5 8 0 0.280
e 6 7 0 0.424
e 7 9 0 0.443
t # 105
v 0 0
v 1 1
v 2 0
v 3 0
v 4 0
v 5 1
v 6 1
v 7 0
v 8 0
v 9 0
e 0 3 0 0.443
e 0 2 0 0.410
e 0 4 0 0.481
e 1 2 0 0.320
e 2 5 0 0.400
e 2 6 0 0.448
e 3 7 1 0.445
e 3 8 0 0.351
e 4 6 0 0.422
e 4 9 0 0.448
t # 106
v 0 5
v 1 3
v 2 0
v 3 2
v 4 0
v 5 0
v 6 0
v 7 0
v 8 0
v 9 0
e 0 3 0 0.442
e 1 2 1 0.465
e 2 4 0 0.329
e 2 3 1 0.383
e 3 4 0 0.502
e 5 8 0 0.319
e 5 9 1 0.355
e 6 8 0 0.376
t # 107
v 0 1
v 1 0
v 2 2
v 3 1
v 4 0
v 5 0
v 6 0
v 7 2
v 8 2
v 9 0
e 0 2 1 0.369
e 0 3 0 0.368
e 1 3 0 0.436
e 2 7 0 0.393
e 2 8 1 0.411
e 3 4 0 0.506
e 4 5 0 0.467
e 4 6 0 0.432
e 5 9 0 0.393
t # 108
v 0 0
v 1 0
v 2 0
v 3 1
v 4 0
v 5 0
v 6 0
v 7 0
v 8 0
v 9 1
e 0 5 0 0.387
e 0 6 0 0.372
e 1 2 0 0.428
e 1 3 0 0.475
e 1 4 1 0.426
e 3 6 1 0.430
e 5 7 0 0.404
e 5 8 1 0.365
e 5 9 0 0.470
t # 109
v 0 0
v 1 2
v 2 4
v 3 0
v 4 0
v 5 2
v 6 0
v 7 0
v 8 0
v 9 1
e 0 2 0 0.401
e 0 3 0 0.355
e 1 6 1 0.404
e 1 7 0 0.417
e 2 5 0 0.345
e 3 4 0 0.464
e 4 6 0 0.433
e 4 5 0 0.351
e 5 7 0 0.424
e 5 6 0 0.438
t # 110
v 0 0
v 1 0
v 2 0
v 3 1
v 4 0
v 5 0
v 6 0
v 7 0
v 8 0
v 9 1
e 0 2 0 0.414
e 0 3 0 0.469
e 1 5 1 0.487
e 1 3 0 0.428
e 1 6 0 0.438
e 2 3 1 0.361
e 2 4 1 0.388
e 2 5 0 0.458
e 3 5 0 0.379
e 3 4 1 0.430
e 8 9 1 0.406
t # 111
v 0 2
v 1 0
v 2 0
v 3 2
v 4 2
v 5 0
v 6 0
v 7 0
v 8 5
v 9 0
e 0 9 0 0.384
e 1 2 0 0.420
e 1 3 0 0.409
e 2 4 1 0.455
e 2 3 1 0.383
e 2 8 0 0.495
e 3 4 1 0.373
e 3 5 0 0.400
e 4 6 1 0.383
e 5 6 1 0.455
e 5 7 0 0.331
e 7 8 0 0.495
t # 112
v 0 0
v 1 0
v 2 2
v 3 5
v 4 0
v 5 0
v 6 0
v 7 0
v 8 0
v 9 0
v 10 0
v 11 0
e 0 2 0 0.376
e 0 3 0 0.439
e 0 4 0 0.350
e 1 2 0 0.346
e 1 3 0 0.336
e 2 6 0 0.420
e 2 4 0 0.423
e 2 7 0 0.385
e 3 7 0 0.333
e 5 7 0 0.412
e 7 11 1 0.416
t # 113
v 0 2
v 1 1
v 2 0
v 3 0
v 4 1
v 5 1
v 6 0
v 7 1
v 8 0
v 9 7
e 0 2 0 0.359
e 0 3 0 0.322
e 0 4 0 0.388
e 1 5 0 0.394
e 1 6 0 0.368
e 2 6 1 0.431
e 2 7 0 0.280
e 3 8 0 0.332
e 3 4 0 0.447
e 4 9 0 0.459
e 5 8 0 0.424
e 8 9 0 0.417
t # 114
v 0 0
v 1 0
v 2 0
v 3 0
v 4 0
v 5 0
v 6 3
v 7 0
v 8 0
v 9 0
e 0 3 1 0.424
e 0 4 0 0.418
e 0 5 1 0.366
e 1 2 0 0.387
e 1 3 1 0.463
e 2 8 1 0.392
e 3 5 1 0.459
e 3 9 0 0.343
e 3 6 1 0.382
e 4 7 0 0.356
t # 115
v 0 0
v 1 0
v 2 2
v 3 0
v 4 0
v 5 0
v 6 0
v 7 1
v 8 0
v 9 0
e 0 7 0 0.403
e 0 8 1 0.431
e 1 2 0 0.392
e 1 3 0 0.330
e 1 4 1 0.385
e 2 9 0 0.366
e 3 9 0 0.370
e 3 7 1 0.391
e 4 6 1 0.418
e 4 5 0 0.338
e 6 7 0 0.399
e 6 8 0 0.390
t # 116
v 0 1
v 1 0
v 2 0
v 3 0
v 4 0
v 5 1
v 6 0
v 7 0
v 8 1
v 9 0
e 0 5 0 0.403
e 1 2 0 0.325
e 1 3 0 0.402
e 2 7 0 0.438
e 2 8 0 0.387
e 3 5 0 0.334
e 3 6 0 0.429
e 4 6 0 0.405
e 4 5 0 0.474
e 4 7 0 0.263
e 7 9 0 0.399
e 8 9 1 0.340
t # 117
v 0 1
v 1 0
v 2 1
v 3 0
v 4 2
v 5 0
v 6 0
v 7 1
v 8 0
v 9 0
e 0 2 1 0.430
e 1 3 0 0.480
e 1 2 0 0.385
e 1 4 0 0.348
e 4 8 0 0.404
e 5 8 0 0.410
e 8 9 0 0.412
t # 118
v 0 0
v 1 0
v 2 0
v 3 2
v 4 0
v 5 0
v 6 2
v 7 0
v 8 0
v 9 25
e 0 2 0 0.432
e 0 3 0 0.382
e 1 3 1 0.474
e 1 4 1 0.515
e 1 5 0 0.453
e 4 8 0 0.368
e 4 9 0 0.400
e 5 6 0 0.279
e 5 7 0 0.427
e 7 9 1 0.500
t # 119
v 0 0
v 1 0
v 2 0
v 3 1
v 4 1
v 5 1
v 6 0
v 7 0
v 8 2
v 9 0
e 1 2 0 0.395
e 3 4 1 0.379
e 3 5 0 0.410
e 4 5 1 0.486
e 7 8 0 0.393
e 7 9 0 0.431
t # 120
v 0 5
v 1 1
v 2 2
v 3 0
v 4 2
v 5 0
v 6 0
v 7 0
v 8 0
v 9 0
e 0 1 1 0.432
e 2 3 1 0.488
e 2 4 0 0.442
e 3 5 1 0.293
e 3 6 0 0.415
e 3 7 0 0.398
e 6 8 1 0.293
e 7 8 0 0.415
e 7 9 0 0.491
t # 121
v 0 0
v 1 2
v 2 0
v 3 5
v 4 0
v 5 0
v 6 0
v 7 3
v 8 0
v 9 0
v 10 2
e 0 1 0 0.363
e 0 2 0 0.337
e 1 3 0 0.459
e 1 4 0 0.323
e 2 4 1 0.489
e 3 5 0 0.426
e 4 10 0 0.362
e 6 10 0 0.395
t # 122
v 0 0
v 1 1
v 2 2
v 3 1
v 4 0
v 5 0
v 6 2
v 7 0
v 8 1
v 9 0
v 10 0
v 11 0
v 12 0
v 13 0
v 14 0
v 15 0
v 16 0
e 0 5 0 0.364
e 0 6 1 0.364
e 0 7 0 0.369
e 1 2 1 0.378
e 1 3 0 0.417
e 2 5 1 0.482
e 2 7 1 0.413
e 3 4 0 0.389
e 4 7 0 0.384
e 4 8 0 0.381
e 7 16 0 0.478
t # 123
v 0 0
v 1 0
v 2 0
v 3 0
v 4 0
v 5 0
v 6 3
v 7 0
v 8 0
v 9 0
e 0 2 0 0.344
e 0 3 0 0.328
e 1 5 0 0.510
e 2 4 0 0.443
e 2 5 1 0.359
e 2 6 1 0.366
e 5 7 0 0.443
e 5 8 0 0.371
e 5 9 0 0.357
e 6 7 1 0.359
t # 124
v 0 1
v 1 0
v 2 2
v 3 0
v 4 0
v 5 1
v 6 0
v 7 0
v 8 0
v 9 0
e 0 2 0 0.308
e 1 3 0 0.381
e 1 4 0 0.448
e 1 5 0 0.446
e 2 5 0 0.455
e 2 6 1 0.321
e 3 6 0 0.338
e 4 6 0 0.437
e 4 5 0 0.396
e 5 6 0 0.447
e 7 9 1 0.354
e 8 9 0 0.443
t # 125
v 0 0
v 1 2
v 2 2
v 3 1
v 4 0
v 5 0
v 6 2
v 7 0
v 8 7
v 9 0
e 0 2 1 0.301
e 0 3 0 0.510
e 0 4 0 0.410
e 1 2 0 0.432
e 1 3 0 0.365
e 1 4 0 0.280
e 1 5 0 0.421
e 2 5 1 0.447
e 2 6 0 0.350
e 3 8 1 0.381
e 4 7 0 0.417
e 5 7 0 0.357
e 7 9 0 0.306
t # 126
v 0 1
v 1 0
v 2 0
v 3 0
v 4 0
v 5 0
v 6 2
v 7 0
v 8 0
v 9 0
e 0 3 0 0.392
e 1 2 1 0.337
e 1 3 1 0.415
e 2 4 0 0.385
e 3 4 0 0.365
e 4 6 1 0.376
e 5 9 1 0.399
e 7 9 1 0.399
t # 127
v 0 0
v 1 1
v 2 11
v 3 0
v 4 0
v 5 0
v 6 0
v 7 0
v 8 2
v 9 0
v 10 0
e 0 2 1 0.404
e 0 3 0 0.442
e 0 4 0 0.492
e 1 7 0 0.384
e 2 4 0 0.395
e 3 6 0 0.382
e 3 7 0 0.425
e 5 6 0 0.331
e 6 8 0 0.336
e 7 8 0 0.366
t # 128
v 0 5
v 1 1
v 2 2
v 3 0
v 4 0
v 5 0
v 6 0
v 7 0
v 8 1
v 9 0
e 0 9 1 0.428
e 1 2 0 0.386
e 2 3 0 0.437
e 2 4 1 0.439
e 3 7 1 0.387
e 3 8 1 0.385
e 4 5 0 0.437
e 4 6 0 0.396
e 7 9 1 0.509
t # 129
v 0 1
v 1 1
v 2 0
v 3 1
v 4 0
v 5 2
v 6 0
v 7 0
v 8 0
v 9 0
e 0 6 1 0.460
e 1 2 1 0.397
e 1 3 0 0.388
e 2 4 0 0.351
e 2 5 0 0.420
e 6 7 0 0.468
e 6 8 1 0.385
e 8 9 0 0.348
t # 130
v 0 2
v 1 4
v 2 1
v 3 2
v 4 0
v 5 0
v 6 0
v 7 0
v 8 4
v 9 0
e 0 3 0 0.357
e 0 4 0 0.417
e 0 6 0 0.297
e 1 2 0 0.471
e 2 3 0 0.399
e 3 4 0 0.389
e 3 5 0 0.439
e 6 7 0 0.442
t # 131
v 0 0
v 1 0
v 2 1
v 3 1
v 4 0
v 5 0
v 6 11
v 7 0
v 8 0
v 9 0
e 0 5 0 0.384
e 0 6 0 0.310
e 1 2 0 0.372
e 1 3 0 0.356
e 1 4 1 0.419
e 2 7 0 0.512
e 2 8 0 0.380
e 2 9 1 0.452
t # 132
v 0 1
v 1 0
v 2 0
v 3 0
v 4 0
v 5 0
v 6 1
v 7 0
v 8 0
v 9 0
v 10 0
v 11 0
e 0 3 0 0.351
e 0 4 0 0.413
e 1 2 0 0.365
e 1 3 0 0.481
e 2 5 0 0.439
e 3 4 0 0.418
e 4 7 0 0.466
e 4 8 0 0.333
t # 133
v 0 0
v 1 0
v 2 0
v 3 0
v 4 0
v 5 0
v 6 0
v 7 0
v 8 0
v 9 0
e 0 2 0 0.409
e 0 3 0 0.404
e 0 4 1 0.296
e 1 3 0 0.378
e 1 4 1 0.462
e 1 5 0 0.436
e 2 4 0 0.328
e 2 5 0 0.366
e 3 5 0 0.337
e 3 6 0 0.438
e 4 8 0 0.413
e 4 9 0 0.371
t # 134
v 0 0
v 1 0
v 2 0
v 3 0
v 4 0
v 5 0
v 6 0
v 7 0
v 8 1
v 9 1
e 0 4 0 0.386
e 0 5 0 0.459
e 0 6 0 0.435
e 1 2 0 0.431
e 1 3 0 0.440
e 2 7 0 0.418
e 2 8 0 0.405
e 3 9 0 0.418
e 5 7 0 0.418
e 5 8 0 0.405
t # 135
v 0 1
v 1 1
v 2 2
v 3 2
v 4 2
v 5 0
v 6 0
v 7 0
v 8 1
v 9 1
e 0 2 1 0.394
e 2 3 1 0.412
e 3 5 0 0.399
e 3 6 0 0.481
e 4 6 1 0.347
e 5 7 0 0.391
t # 136
v 0 0
v 1 1
v 2 2
v 3 0
v 4 0
v 5 0
v 6 0
v 7 2
v 8 0
v 9 0
e 0 2 1 0.404
e 0 3 0 0.437
e 1 2 0 0.331
e 2 6 0 0.377
e 2 7 1 0.436
e 4 8 0 0.353
e 4 9 0 0.477
e 5 7 1 0.467
t # 137
v 0 0
v 1 0
v 2 1
v 3 0
v 4 0
v 5 0
v 6 0
v 7 0
v 8 0
v 9 0
e 0 2 0 0.426
e 0 3 0 0.414
e 0 4 1 0.292
e 1 5 0 0.403
e 2 5 0 0.400
e 2 9 0 0.449
e 3 4 0 0.340
e 3 5 1 0.337
e 3 6 0 0.340
e 6 7 0 0.353
e 6 8 0 0.391
t # 138
v 0 2
v 1 2
v 2 0
v 3 0
v 4 1
v 5 0
v 6 0
v 7 0
v 8 0
v 9 0
v 10 0
v 11 1
e 0 3 0 0.496
e 0 5 0 0.460
e 1 2 0 0.338
e 1 3 0 0.347
e 1 4 0 0.476
e 2 5 1 0.404
e 3 5 0 0.367
e 3 4 0 0.404
e 5 7 0 0.333
t # 139
v 0 0
v 1 0
v 2 0
v 3 0
v 4 0
v 5 0
v 6 0
v 7 0
v 8 0
v 9 0
e 1 2 0 0.346
e 1 3 0 0.344
e 1 4 0 0.333
e 2 5 0 0.271
e 2 6 0 0.424
e 5 7 1 0.444
e 6 8 0 0.271
e 6 9 1 0.414
e 7 8 0 0.424
e 8 9 0 0.428
t # 140
v 0 0
v 1 0
v 2 0
v 3 1
v 4 0
v 5 1
v 6 0
v 7 0
v 8 0
v 9 0
e 0 3 0 0.437
e 1 2 0 0.412
e 1 3 0 0.396
e 1 4 0 0.508
e 2 3 0 0.357
e 2 4 1 0.421
e 2 5 1 0.428
e 3 4 1 0.451
e 3 6 0 0.411
e 7 8 0 0.384
e 7 9 0 0.389
t # 141
v 0 0
v 1 0
v 2 0
v 3 0
v 4 0
v 5 0
v 6 1
v 7 0
v 8 0
v 9 0
e 1 2 0 0.504
e 1 3 0 0.428
e 2 4 0 0.383
e 2 5 1 0.397
e 3 9 0 0.480
e 4 5 1 0.482
e 4 6 0 0.436
t # 142
v 0 0
v 1 0
v 2 0
v 3 1
v 4 1
v 5 0
v 6 0
v 7 0
v 8 0
v 9 0
e 0 2 0 0.316
e 0 3 0 0.345
e 0 4 1 0.437
e 2 5 0 0.327
e 2 6 1 0.415
e 5 7 0 0.430
e 6 8 0 0.327
e 7 8 1 0.415
e 7 9 0 0.429
t # 143
v 0 1
v 1 0
v 2 0
v 3 0
v 4 0
v 5 1
v 6 0
v 7 0
v 8 5
v 9 0
e 0 5 0 0.459
e 1 2 0 0.518
e 1 3 0 0.416
e 1 4 0 0.386
e 3 6 0 0.433
e 3 7 1 0.383
e 3 8 0 0.411
e 7 9 0 0.409
t # 144
v 0 0
v 1 0
v 2 1
v 3 1
v 4 0
v 5 0
v 6 7
v 7 1
v 8 1
v 9 0
v 10 0
e 0 3 0 0.396
e 1 2 0 0.481
e 1 3 0 0.472
e 1 4 0 0.394
e 2 5 0 0.320
e 2 6 0 0.488
e 3 4 0 0.375
e 6 8 1 0.355
t # 145
v 0 1
v 1 0
v 2 0
v 3 2
v 4 1
v 5 0
v 6 0
v 7 0
v 8 0
v 9 0
e 0 2 0 0.422
e 1 3 1 0.368
e 1 4 0 0.391
e 2 3 1 0.396
e 2 5 0 0.345
e 2 6 0 0.431
e 3 4 1 0.375
e 4 9 0 0.416
t # 146
v 0 2
v 1 0
v 2 0
v 3 0
v 4 0
v 5 0
v 6 0
v 7 0
v 8 2
v 9 1
e 0 3 0 0.361
e 1 2 0 0.403
e 1 3 0 0.355
e 4 5 0 0.421
e 4 6 0 0.424
e 5 7 0 0.416
e 7 8 1 0.380
e 7 9 0 0.458
t # 147
v 0 0
v 1 1
v 2 1
v 3 0
v 4 0
v 5 0
v 6 0
v 7 0
v 8 0
v 9 0
e 0 2 0 0.414
e 0 1 0 0.521
e 0 3 0 0.374
e 1 3 0 0.420
e 2 9 0 0.408
e 3 8 1 0.461
e 5 6 0 0.354
e 6 9 0 0.406
e 7 8 0 0.344
t # 148
v 0 1
v 1 1
v 2 0
v 3 0
v 4 0
v 5 0
v 6 0
v 7 0
v 8 1
v 9 0
v 10 0
e 0 2 1 0.381
e 0 3 0 0.456
e 1 6 0 0.322
e 2 3 0 0.433
e 2 4 0 0.429
e 4 10 0 0.422
e 4 5 0 0.387
t # 149
v 0 0
v 1 0
v 2 0
v 3 0
v 4 0
v 5 1
v 6 0
v 7 0
v 8 0
v 9 0
e 0 2 0 0.530
e 0 3 0 0.317
e 1 7 0 0.364
e 2 3 0 0.330
e 2 5 1 0.320
e 3 7 0 0.330
e 3 8 0 0.383
e 3 4 0 0.389
e 5 6 1 0.393
e 6 7 0 0.440
e 6 8 0 0.442
e 7 8 0 0.428
e 7 9 0 0.497
t # 150
v 0 0
v 1 0
v 2 0
v 3 0
v 4 0
v 5 0
v 6 0
v 7 1
v 8 1
v 9 1
e 0 6 0 0.462
e 0 7 1 0.435
e 0 1 0 0.350
e 1 2 0 0.382
e 2 4 0 0.455
e 2 5 0 0.407
e 2 6 0 0.377
e 3 6 1 0.454
e 4 5 1 0.362
e 4 8 0 0.345
e 5 7 0 0.499
e 5 8 1 0.366
t # 151
v 0 1
v 1 0
v 2 0
v 3 0
v 4 2
v 5 2
v 6 1
v 7 0
v 8 0
v 9 2
e 0 1 0 0.304
e 0 2 1 0.408
e 1 5 0 0.364
e 1 6 0 0.428
e 2 3 0 0.404
e 2 4 1 0.395
e 2 5 0 0.319
e 4 7 0 0.404
e 4 8 0 0.459
e 4 9 0 0.391
e 5 7 1 0.395
e 6 7 0 0.319
t # 152
v 0 0
v 1 1
v 2 0
v 3 0
v 4 0
v 5 5
v 6 0
v 7 3
v 8 0
v 9 0
e 0 8 0 0.392
e 1 2 1 0.454
e 1 3 0 0.390
e 2 4 0 0.423
e 2 3 0 0.386
e 3 4 0 0.407
e 3 7 1 0.402
e 5 9 0 0.368
t # 153
v 0 1
v 1 1
v 2 0
v 3 0
v 4 0
v 5 0
v 6 2
v 7 0
v 8 1
v 9 2
e 0 2 0 0.253
e 1 3 1 0.402
e 2 4 0 0.428
e 2 5 0 0.416
e 3 4 0 0.414
e 4 6 0 0.446
e 4 7 0 0.372
e 5 8 0 0.428
e 6 8 0 0.416
e 6 9 1 0.417
t # 154
v 0 0
v 1 1
v 2 0
v 3 0
v 4 1
v 5 0
v 6 0
v 7 0
v 8 0
v 9 1
e 0 1 0 0.426
e 0 2 0 0.412
e 0 3 1 0.456
e 1 4 0 0.348
e 2 3 0 0.425
e 2 4 0 0.347
e 3 9 0 0.381
e 4 5 0 0.431
e 6 8 0 0.448
e 6 9 1 0.339
e 7 8 0 0.374
t # 155
v 0 0
v 1 0
v 2 0
v 3 0
v 4 0
v 5 0
v 6 0
v 7 0
v 8 2
v 9 0
e 0 2 0 0.367
e 1 3 0 0.325
e 1 4 0 0.400
e 2 5 1 0.418
e 2 6 1 0.309
e 3 5 0 0.476
e 3 8 1 0.438
e 4 9 0 0.398
e 5 7 0 0.422
e 7 9 0 0.395
t # 156
v 0 2
v 1 2
v 2 2
v 3 0
v 4 0
v 5 0
v 6 0
v 7 0
v 8 0
v 9 2
e 0 2 1 0.346
e 0 3 0 0.410
e 1 3 1 0.423
e 1 8 0 0.422
e 2 3 0 0.452
e 2 4 0 0.304
e 3 4 1 0.384
e 3 5 0 0.429
e 7 9 0 0.343
t # 157
v 0 0
v 1 1
v 2 0
v 3 1
v 4 3
v 5 0
v 6 0
v 7 0
v 8 0
v 9 0
e 0 3 0 0.389
e 0 4 0 0.481
e 1 2 1 0.339
e 2 6 0 0.401
e 2 4 0 0.414
e 3 6 1 0.448
e 6 7 0 0.357
e 6 8 0 0.365
e 7 8 0 0.429
e 7 9 0 0.328
t # 158
v 0 0
v 1 0
v 2 0
v 3 2
v 4 2
v 5 1
v 6 0
v 7 0
v 8 0
v 9 0
e 0 7 0 0.357
e 0 8 0 0.347
e 0 1 1 0.440
e 1 2 0 0.447
e 2 3 0 0.372
e 2 4 0 0.386
e 2 5 0 0.352
e 4 6 0 0.468
e 5 8 0 0.373
e 6 7 0 0.474
e 6 8 1 0.401
t # 159
v 0 0
v 1 1
v 2 0
v 3 0
v 4 0
v 5 1
v 6 0
v 7 0
v 8 0
v 9 0
e 0 4 0 0.407
e 0 6 0 0.366
e 1 2 0 0.299
e 2 3 0 0.417
e 4 5 0 0.475
e 4 6 0 0.380
e 5 6 0 0.332
t # 160
v 0 1
v 1 0
v 2 5
v 3 0
v 4 0
v 5 2
v 6 0
v 7 0
v 8 0
v 9 0
e 0 2 1 0.347
e 1 3 0 0.408
e 1 4 0 0.477
e 1 5 0 0.447
e 2 8 0 0.400
e 2 9 0 0.463
e 5 6 0 0.417
e 5 7 1 0.385
t # 161
v 0 0
v 1 0
v 2 5
v 3 0
v 4 0
v 5 2
v 6 0
v 7 3
v 8 0
v 9 0
v 10 0
e 0 6 0 0.354
e 0 4 0 0.384
e 1 2 0 0.403
e 1 3 1 0.411
e 4 5 0 0.425
e 5 8 0 0.337
t # 162
v 0 0
v 1 0
v 2 0
v 3 0
v 4 1
v 5 2
v 6 2
v 7 0
v 8 0
v 9 0
e 0 2 0 0.397
e 0 3 0 0.369
e 1 4 0 0.416
e 3 4 0 0.404
e 4 9 0 0.466
e 5 6 1 0.443
e 6 7 0 0.417
e 6 8 0 0.381
t # 163
v 0 2
v 1 2
v 2 2
v 3 0
v 4 2
v 5 0
v 6 0
v 7 0
v 8 0
v 9 0
e 0 4 0 0.384
e 0 5 1 0.356
e 1 2 0 0.445
e 1 3 0 0.439
e 4 6 0 0.412
e 4 7 1 0.331
e 6 8 0 0.463
e 6 9 1 0.338
t # 164
v 0 1
v 1 0
v 2 1
v 3 0
v 4 0
v 5 0
v 6 0
v 7 0
v 8 0
v 9 0
e 0 3 1 0.382
e 1 2 0 0.462
e 2 4 1 0.477
e 2 5 0 0.424
e 4 5 0 0.369
e 4 6 0 0.436
e 4 7 0 0.435
e 5 8 1 0.416
e 5 9 0 0.441
t # 165
v 0 0
v 1 2
v 2 2
v 3 0
v 4 2
v 5 0
v 6 0
v 7 1
v 8 0
v 9 0
v 10 0
v 11 0
v 12 1
e 0 1 1 0.446
e 0 2 1 0.450
e 0 6 0 0.374
e 2 3 0 0.467
e 3 4 0 0.398
e 3 7 0 0.525
e 4 5 0 0.325
e 4 8 1 0.465
e 5 6 0 0.374
e 8 9 0 0.402
e 9 10 1 0.417
e 10 11 1 0.423
e 11 12 0 0.535
t # 166
v 0 2
v 1 0
v 2 0
v 3 0
v 4 0
v 5 0
v 6 0
v 7 0
v 8 0
v 9 0
v 10 0
v 11 0
v 12 5
e 0 1 0 0.409
e 0 2 0 0.379
e 1 3 0 0.393
e 1 4 1 0.360
e 2 3 0 0.313
e 2 5 1 0.461
e 3 8 1 0.410
e 3 6 0 0.408
e 4 8 0 0.350
e 6 7 1 0.346
e 7 12 0 0.415
t # 167
v 0 0
v 1 1
v 2 0
v 3 0
v 4 1
v 5 2
v 6 0
v 7 1
v 8 1
v 9 0
e 0 2 0 0.519
e 0 3 0 0.320
e 0 4 0 0.387
e 1 4 1 0.278
e 2 5 1 0.397
e 2 6 0 0.408
e 3 6 0 0.436
e 3 7 0 0.340
e 4 5 1 0.424
t # 168
v 0 0
v 1 0
v 2 0
v 3 11
v 4 0
v 5 0
v 6 0
v 7 0
v 8 1
v 9 0
v 10 0
v 11 0
e 0 4 0 0.270
e 1 2 1 0.374
e 1 3 0 0.441
e 1 4 0 0.382
e 4 5 0 0.310
e 5 8 0 0.317
t # 169
v 0 0
v 1 7
v 2 0
v 3 0
v 4 0
v 5 1
v 6 0
v 7 1
v 8 0
v 9 0
v 10 2
e 0 6 0 0.373
e 1 2 0 0.301
e 1 3 0 0.399
e 1 4 1 0.364
e 1 5 0 0.379
e 2 4 1 0.430
e 2 5 0 0.369
e 3 5 0 0.382
e 3 6 0 0.372
e 4 6 0 0.381
e 4 7 0 0.398
e 5 6 0 0.441
e 5 7 0 0.471
t # 170
v 0 0
v 1 0
v 2 0
v 3 1
v 4 2
v 5 0
v 6 0
v 7 1
v 8 1
v 9 2
e 0 1 0 0.474
e 0 5 0 0.362
e 1 2 0 0.271
e 3 7 0 0.377
e 4 8 0 0.414
e 5 6 0 0.372
e 5 7 0 0.415
e 7 8 0 0.424
t # 171
v 0 0
v 1 0
v 2 0
v 3 0
v 4 0
v 5 0
v 6 0
v 7 0
v 8 1
v 9 1
e 0 6 0 0.409
e 0 7 1 0.313
e 0 3 0 0.447
e 1 2 0 0.350
e 1 3 0 0.356
e 1 4 1 0.373
e 1 5 0 0.468
e 2 7 0 0.428
e 2 8 0 0.320
e 3 7 0 0.409
e 3 6 0 0.322
e 4 6 0 0.278
e 5 8 0 0.369
e 5 9 0 0.419
e 6 8 0 0.352
t # 172
v 0 0
v 1 0
v 2 1
v 3 0
v 4 0
v 5 1
v 6 2
v 7 2
v 8 1
v 9 0
e 0 4 0 0.373
e 0 5 0 0.440
e 0 6 1 0.379
e 1 2 0 0.368
e 1 3 0 0.355
e 2 7 0 0.404
e 2 8 0 0.399
e 2 6 1 0.458
e 5 9 0 0.449
e 8 9 0 0.335
t # 173
v 0 1
v 1 0
v 2 1
v 3 2
v 4 1
v 5 0
v 6 0
v 7 0
v 8 0
v 9 1
e 0 2 1 0.337
e 1 5 0 0.505
e 1 2 1 0.509
e 1 6 0 0.464
e 3 6 0 0.386
e 5 6 0 0.365
e 5 7 1 0.466
t # 174
v 0 2
v 1 0
v 2 0
v 3 0
v 4 2
v 5 1
v 6 0
v 7 2
v 8 2
v 9 0
v 10 0
v 11 0
e 0 2 0 0.353
e 0 1 0 0.409
e 0 3 0 0.360
e 1 5 0 0.399
e 1 6 1 0.330
e 2 8 0 0.445
e 3 4 0 0.419
e 3 5 0 0.439
e 5 8 0 0.445
e 6 8 0 0.419
e 7 8 1 0.454
t # 175
v 0 1
v 1 0
v 2 1
v 3 0
v 4 0
v 5 0
v 6 0
v 7 3
v 8 0
v 9 0
e 0 2 0 0.478
e 1 3 0 0.466
e 1 4 0 0.426
e 1 5 0 0.351
e 2 3 1 0.286
e 2 4 0 0.528
e 3 9 1 0.454
e 3 4 0 0.398
e 4 9 0 0.515
e 5 6 1 0.366
e 5 7 1 0.431
e 5 8 0 0.457
t # 176
v 0 0
v 1 1
v 2 0
v 3 0
v 4 5
v 5 1
v 6 0
v 7 0
v 8 0
v 9 0
e 0 4 1 0.384
e 0 5 0 0.387
e 1 2 1 0.428
e 2 3 0 0.339
e 2 4 0 0.318
e 3 5 0 0.389
e 3 6 0 0.390
e 3 7 1 0.422
e 5 6 1 0.300
e 6 7 1 0.431
e 7 8 0 0.388
e 7 9 0 0.382
t # 177
v 0 0
v 1 0
v 2 2
v 3 2
v 4 2
v 5 0
v 6 0
v 7 0
v 8 0
v 9 5
e 0 1 0 0.334
e 0 3 1 0.404
e 0 4 0 0.432
e 1 2 0 0.430
e 2 5 0 0.399
e 2 6 0 0.354
e 4 5 1 0.448
e 5 6 0 0.492
e 5 7 0 0.358
e 6 7 0 0.325
e 6 9 0 0.402
t # 178
v 0 2
v 1 0
v 2 1
v 3 0
v 4 0
v 5 0
v 6 0
v 7 0
v 8 0
v 9 2
e 0 3 0 0.406
e 0 4 1 0.455
e 1 2 0 0.479
e 1 3 0 0.356
e 2 7 0 0.402
e 3 4 1 0.367
e 3 5 1 0.407
e 3 6 0 0.371
e 4 5 1 0.418
e 4 6 0 0.340
e 6 7 1 0.394
t # 179
v 0 1
v 1 0
v 2 0
v 3 0
v 4 0
v 5 0
v 6 0
v 7 1
v 8 1
v 9 0
e 0 2 0 0.500
e 2 4 1 0.414
e 2 5 0 0.414
e 2 6 1 0.434
e 5 6 1 0.375
e 5 7 1 0.316
e 5 8 1 0.409
e 7 9 0 0.352
t # 180
v 0 0
v 1 0
v 2 0
v 3 0
v 4 0
v 5 0
v 6 0
v 7 0
v 8 1
v 9 1
e 0 4 0 0.499
e 0 5 0 0.382
e 0 6 0 0.445
e 1 2 0 0.435
e 1 3 0 0.524
e 2 9 0 0.414
e 3 7 0 0.455
e 3 8 1 0.339
e 5 9 0 0.414
t # 181
v 0 5
v 1 2
v 2 0
v 3 0
v 4 2
v 5 1
v 6 0
v 7 1
v 8 0
v 9 0
e 0 2 1 0.368
e 0 3 0 0.350
e 0 4 1 0.396
e 0 5 1 0.345
e 1 3 0 0.338
e 1 4 0 0.365
e 2 5 0 0.509
e 3 7 0 0.397
e 4 6 1 0.409
e 4 7 0 0.544
e 6 8 0 0.499
e 6 9 0 0.450
t # 182
v 0 1
v 1 0
v 2 0
v 3 0
v 4 0
v 5 0
v 6 0
v 7 0
v 8 0
v 9 0
e 0 2 1 0.452
e 1 8 1 0.363
e 1 9 0 0.575
e 2 7 0 0.417
e 2 8 0 0.424
e 3 4 0 0.377
t # 183
v 0 0
v 1 2
v 2 0
v 3 0
v 4 0
v 5 0
v 6 0
v 7 2
v 8 0
v 9 0
e 0 2 0 0.478
e 0 3 1 0.400
e 0 4 1 0.379
e 1 6 0 0.325
e 1 7 0 0.341
e 2 8 0 0.454
e 3 8 0 0.385
e 3 9 0 0.397
e 4 5 1 0.391
t # 184
v 0 1
v 1 0
v 2 0
v 3 0
v 4 0
v 5 0
v 6 0
v 7 5
v 8 0
v 9 0
e 0 2 0 0.518
e 0 1 0 0.361
e 1 3 0 0.429
e 1 4 0 0.452
e 2 9 0 0.351
e 3 7 0 0.416
e 6 8 1 0.440
e 6 9 1 0.345
t # 185
v 0 2
v 1 0
v 2 1
v 3 0
v 4 3
v 5 2
v 6 0
v 7 5
v 8 0
v 9 0
e 0 2 1 0.437
e 0 3 0 0.467
e 0 4 1 0.422
e 1 8 1 0.388
e 1 7 0 0.406
e 2 7 0 0.362
e 4 6 0 0.483
e 7 8 0 0.409
e 7 9 0 0.404
t # 186
v 0 0
v 1 0
v 2 0
v 3 0
v 4 0
v 5 0
v 6 1
v 7 1
v 8 0
v 9 1
v 10 1
v 11 0
e 0 1 0 0.429
e 0 2 0 0.455
e 0 5 0 0.425
e 1 4 0 0.333
e 1 2 0 0.374
e 2 3 0 0.299
e 4 9 1 0.390
e 4 10 1 0.393
e 5 6 0 0.484
e 5 7 1 0.341
e 7 8 0 0.414
e 10 11 0 0.363
t # 187
v 0 5
v 1 0
v 2 0
v 3 0
v 4 4
v 5 4
v 6 0
v 7 0
v 8 0
v 9 0
e 0 2 0 0.382
e 0 3 0 0.288
e 1 3 0 0.460
e 1 6 0 0.434
e 1 7 1 0.347
e 2 4 0 0.395
e 2 5 1 0.472
e 3 9 0 0.400
e 3 7 0 0.384
e 4 6 0 0.373
e 5 7 1 0.459
e 7 9 1 0.386
t # 188
v 0 0
v 1 0
v 2 0
v 3 1
v 4 0
v 5 0
v 6 0
v 7 0
v 8 0
v 9 0
e 0 2 0 0.380
e 0 3 1 0.441
e 1 4 1 0.355
e 1 5 0 0.376
e 1 6 1 0.356
e 2 3 0 0.483
e 6 7 0 0.269
t # 189
v 0 0
v 1 0
v 2 0
v 3 0
v 4 2
v 5 2
v 6 0
v 7 0
v 8 0
v 9 0
e 0 6 1 0.364
e 0 9 0 0.519
e 1 2 1 0.391
e 1 3 0 0.336
e 2 4 0 0.458
e 2 5 0 0.447
e 4 6 0 0.355
e 5 7 1 0.385
t # 190
v 0 0
v 1 0
v 2 2
v 3 0
v 4 0
v 5 0
v 6 2
v 7 0
v 8 0
v 9 2
e 0 2 0 0.489
e 0 3 0 0.343
e 1 6 1 0.447
e 1 7 0 0.476
e 1 8 1 0.325
e 2 4 0 0.314
e 2 5 0 0.346
e 5 9 0 0.314
e 6 9 0 0.346
t # 191
v 0 0
v 1 1
v 2 1
v 3 0
v 4 0
v 5 1
v 6 0
v 7 0
v 8 1
v 9 0
v 10 0
v 11 0
v 12 0
e 0 3 0 0.417
e 0 4 0 0.401
e 1 2 1 0.406
e 2 4 1 0.340
e 2 5 0 0.377
e 3 7 0 0.334
e 3 8 0 0.403
e 4 5 0 0.395
e 4 6 1 0.409
t # 192
v 0 0
v 1 0
v 2 0
v 3 0
v 4 0
v 5 0
v 6 0
v 7 0
v 8 0
v 9 2
e 0 7 0 0.375
e 0 8 0 0.394
e 1 2 0 0.447
e 1 3 1 0.429
e 2 5 0 0.399
e 2 6 1 0.379
e 3 4 0 0.336
e 8 9 0 0.376
t # 193
v 0 1
v 1 0
v 2 0
v 3 0
v 4 0
v 5 0
v 6 2
v 7 0
v 8 0
v 9 2
e 0 2 0 0.358
e 1 3 0 0.392
e 1 4 1 0.387
e 1 5 0 0.386
e 2 9 0 0.413
e 3 8 1 0.459
e 3 7 0 0.385
e 4 8 0 0.397
e 5 7 0 0.386
e 8 9 1 0.352
t # 194
v 0 0
v 1 0
v 2 0
v 3 0
v 4 0
v 5 0
v 6 0
v 7 0
v 8 1
v 9 0
e 0 4 1 0.363
e 0 5 0 0.396
e 0 6 0 0.401
e 1 2 0 0.401
e 1 3 0 0.398
e 3 9 1 0.518
e 6 7 0 0.374
e 6 8 1 0.403
t # 195
v 0 1
v 1 0
v 2 0
v 3 0
v 4 0
v 5 7
v 6 0
v 7 0
v 8 0
v 9 0
e 1 2 0 0.480
e 1 3 0 0.434
e 2 5 0 0.411
e 2 4 0 0.388
e 3 4 0 0.429
e 3 5 0 0.442
e 6 9 0 0.364
e 7 9 0 0.457
t # 196
v 0 0
v 1 1
v 2 5
v 3 1
v 4 2
v 5 2
v 6 0
v 7 0
v 8 1
v 9 1
e 1 2 1 0.426
e 2 3 1 0.405
e 2 4 1 0.444
e 2 5 0 0.408
e 3 7 0 0.387
e 3 8 0 0.353
e 3 9 1 0.469
e 4 6 1 0.405
e 5 6 1 0.444
t # 197
v 0 0
v 1 0
v 2 0
v 3 0
v 4 0
v 5 0
v 6 0
v 7 0
v 8 0
v 9 0
e 0 6 1 0.400
e 0 7 0 0.458
e 1 2 0 0.489
e 1 3 1 0.485
e 1 4 1 0.359
e 2 8 0 0.406
e 3 8 0 0.318
e 3 9 0 0.463
e 4 5 0 0.320
t # 198
v 0 0
v 1 0
v 2 0
v 3 0
v 4 0
v 5 2
v 6 0
v 7 0
v 8 0
v 9 0
e 0 2 0 0.382
e 1 2 0 0.338
e 1 3 1 0.440
e 2 5 1 0.414
e 3 4 0 0.344
e 4 5 0 0.275
e 4 6 0 0.484
e 5 7 0 0.332
e 5 8 0 0.413
e 6 7 0 0.369
e 7 8 0 0.434
e 7 9 0 0.391
t # 199
v 0 1
v 1 0
v 2 0
v 3 0
v 4 0
v 5 5
v 6 4
v 7 0
v 8 0
v 9 0
e 0 3 0 0.459
e 0 4 1 0.396
e 1 2 0 0.319
e 2 5 0 0.342
e 2 6 0 0.261
e 3 9 0 0.290
e 3 4 0 0.445
e 4 6 0 0.428
e 5 6 0 0.387
t # 200
v 0 0
v 1 2
v 2 0
v 3 0
v 4 0
v 5 2
v 6 0
v 7 0
v 8 0
v 9 1
e 0 4 1 0.387
e 0 5 0 0.436
e 0 6 0 0.404
e 1 2 0 0.406
e 1 3 0 0.417
e 2 8 0 0.415
e 6 7 0 0.376
e 8 9 0 0.370
t # 201
v 0 1
v 1 0
v 2 1
v 3 0
v 4 1
v 5 0
v 6 0
v 7 0
v 8 0
v 9 0
e 0 4 0 0.463
e 0 5 0 0.379
e 1 2 0 0.359
e 1 3 0 0.289
e 2 9 0 0.501
e 3 5 0 0.353
e 4 6 0 0.439
e 5 6 0 0.363
e 5 7 0 0.441
e 5 8 0 0.468
t # 202
v 0 1
v 1 1
v 2 0
v 3 0
v 4 0
v 5 0
v 6 0
v 7 1
v 8 5
v 9 0
e 0 2 1 0.463
e 1 3 1 0.361
e 3 5 1 0.417
e 4 9 0 0.385
e 7 8 1 0.335
t # 203
v 0 0
v 1 2
v 2 0
v 3 2
v 4 0
v 5 0
v 6 0
v 7 1
v 8 2
v 9 0
e 1 2 0 0.419
e 1 3 0 0.363
e 2 4 0 0.381
e 2 5 0 0.347
e 4 8 1 0.504
e 5 6 1 0.416
e 5 7 0 0.375
e 7 9 0 0.388
e 8 9 0 0.379
t # 204
v 0 0
v 1 0
v 2 0
v 3 0
v 4 0
v 5 0
v 6 0
v 7 2
v 8 0
v 9 0
e 0 2 0 0.367
e 0 3 0 0.451
e 1 4 0 0.368
e 1 5 0 0.369
e 2 8 1 0.406
e 2 9 1 0.264
e 3 6 1 0.434
e 3 7 0 0.456
t # 205
v 0 0
v 1 1
v 2 0
v 3 2
v 4 0
v 5 1
v 6 4
v 7 0
v 8 0
v 9 0
e 0 2 0 0.345
e 0 3 1 0.339
e 0 4 0 0.422
e 1 5 0 0.383
e 2 3 0 0.405
e 2 4 0 0.354
e 3 4 1 0.441
e 3 5 0 0.336
e 8 9 0 0.387
t # 206
v 0 0
v 1 2
v 2 0
v 3 0
v 4 0
v 5 0
v 6 0
v 7 1
v 8 0
v 9 0
e 0 2 0 0.384
e 0 9 0 0.388
e 1 2 1 0.360
e 1 3 0 0.405
e 2 5 1 0.427
e 2 4 0 0.443
e 3 4 0 0.433
e 3 6 0 0.359
e 3 7 0 0.442
e 5 8 0 0.351
e 6 8 0 0.448
e 6 9 0 0.450
t # 207
v 0 0
v 1 0
v 2 0
v 3 0
v 4 0
v 5 5
v 6 2
v 7 3
v 8 0
v 9 0
v 10 0
e 0 1 0 0.486
e 0 4 1 0.570
e 0 5 0 0.407
e 1 2 0 0.372
e 2 3 0 0.392
e 2 4 0 0.390
e 3 4 1 0.338
e 3 5 0 0.350
e 4 5 0 0.412
e 4 6 0 0.462
t # 208
v 0 0
v 1 0
v 2 0
v 3 0
v 4 0
v 5 0
v 6 0
v 7 1
v 8 0
v 9 1
e 0 2 0 0.474
e 0 3 0 0.422
e 1 5 0 0.459
e 1 6 0 0.387
e 1 7 0 0.409
e 3 4 0 0.410
e 5 8 1 0.403
e 7 9 0 0.395
t # 209
v 0 5
v 1 0
v 2 5
v 3 0
v 4 0
v 5 0
v 6 0
v 7 0
v 8 0
v 9 0
e 0 2 1 0.417
e 0 3 0 0.430
e 0 4 1 0.398
e 0 5 1 0.320
e 1 8 0 0.320
e 1 2 0 0.356
e 2 6 0 0.431
e 3 6 0 0.401
e 4 5 0 0.336
e 5 8 1 0.328
e 6 9 0 0.373
t # 210
v 0 0
v 1 5
v 2 3
v 3 0
v 4 0
v 5 0
v 6 0
v 7 0
v 8 0
v 9 0
e 0 2 1 0.398
e 0 3 0 0.333
e 1 4 1 0.435
e 2 3 0 0.466
e 4 8 0 0.370
e 4 9 0 0.463
e 5 6 0 0.330
t # 211
v 0 0
v 1 0
v 2 0
v 3 0
v 4 4
v 5 2
v 6 0
v 7 0
v 8 4
v 9 4
e 0 1 0 0.353
e 1 2 0 0.478
e 2 4 0 0.362
e 2 3 0 0.410
e 3 5 0 0.457
e 5 8 0 0.317
e 6 7 0 0.346
t # 212
v 0 5
v 1 2
v 2 0
v 3 5
v 4 0
v 5 1
v 6 1
v 7 1
v 8 0
v 9 1
e 0 8 0 0.443
e 0 9 1 0.325
e 1 2 1 0.400
e 1 3 1 0.424
e 3 4 1 0.365
e 3 5 0 0.426
e 3 6 1 0.344
e 3 7 1 0.352
t # 213
v 0 0
v 1 0
v 2 1
v 3 0
v 4 1
v 5 0
v 6 3
v 7 0
v 8 0
v 9 3
e 0 7 0 0.455
e 0 3 0 0.447
e 0 9 0 0.449
e 1 2 0 0.454
e 2 3 1 0.448
e 2 4 0 0.381
e 3 4 1 0.422
e 4 7 1 0.369
e 4 8 0 0.357
t # 214
v 0 0
v 1 1
v 2 2
v 3 0
v 4 0
v 5 1
v 6 1
v 7 5
v 8 0
v 9 1
e 0 2 0 0.449
e 0 3 0 0.457
e 0 4 1 0.424
e 1 3 0 0.415
e 2 4 1 0.387
e 2 5 0 0.517
e 3 5 1 0.430
e 4 8 0 0.358
e 6 7 1 0.349
e 7 8 1 0.373
e 8 9 0 0.399
t # 215
v 0 0
v 1 0
v 2 5
v 3 0
v 4 0
v 5 0
v 6 0
v 7 0
v 8 0
v 9 0
v 10 0
v 11 1
e 0 2 0 0.389
e 0 3 0 0.361
e 0 4 0 0.421
e 1 3 0 0.307
e 1 7 0 0.389
e 2 3 0 0.398
e 4 5 1 0.337
e 4 6 0 0.419
t # 216
v 0 0
v 1 0
v 2 3
v 3 0
v 4 2
v 5 0
v 6 0
v 7 0
v 8 0
v 9 0
e 0 2 0 0.379
e 0 3 0 0.380
e 0 4 1 0.415
e 1 5 1 0.354
e 1 6 0 0.377
e 1 7 1 0.335
e 2 3 0 0.480
e 3 4 0 0.419
e 4 6 0 0.402
e 5 9 0 0.388
t # 217
v 0 2
v 1 0
v 2 2
v 3 1
v 4 4
v 5 0
v 6 0
v 7 2
v 8 0
v 9 1
e 0 3 1 0.372
e 0 4 0 0.439
e 1 2 0 0.457
e 1 3 1 0.377
e 2 3 0 0.353
e 3 5 0 0.404
e 5 9 0 0.435
e 5 7 1 0.364
e 6 8 0 0.336
e 7 8 0 0.431
t # 218
v 0 0
v 1 0
v 2 0
v 3 0
v 4 5
v 5 0
v 6 0
v 7 0
v 8 0
v 9 0
e 0 2 1 0.383
e 0 3 0 0.487
e 0 4 0 0.378
e 1 5 1 0.294
e 1 6 0 0.370
e 1 3 1 0.406
e 2 7 0 0.393
e 3 9 0 0.504
e 7 8 1 0.451
e 7 9 0 0.500
t # 219
v 0 0
v 1 0
v 2 0
v 3 0
v 4 0
v 5 1
v 6 1
v 7 1
v 8 0
v 9 0
e 0 8 1 0.476
e 0 4 0 0.315
e 1 2 1 0.321
e 1 3 0 0.379
e 1 4 0 0.412
e 2 5 0 0.362
e 2 6 1 0.418
e 2 7 1 0.370
e 2 8 0 0.340
e 3 9 0 0.378
t # 220
v 0 5
v 1 1
v 2 0
v 3 0
v 4 1
v 5 0
v 6 0
v 7 0
v 8 0
v 9 0
v 10 0
v 11 0
v 12 0
v 13 0
v 14 0
e 0 1 0 0.499
e 0 2 1 0.446
e 0 3 0 0.378
e 0 4 0 0.372
e 2 5 1 0.412
e 2 9 1 0.391
e 3 10 1 0.373
e 3 14 1 0.351
e 5 6 0 0.475
e 6 7 1 0.427
e 7 8 0 0.400
e 8 9 1 0.295
e 10 11 0 0.407
e 11 12 1 0.393
e 12 13 0 0.512
e 13 14 0 0.377
t # 221
v 0 2
v 1 0
v 2 1
v 3 0
v 4 0
v 5 1
v 6 0
v 7 0
v 8 0
v 9 0
e 0 2 0 0.431
e 0 3 0 0.338
e 0 4 0 0.352
e 1 7 0 0.281
e 1 8 0 0.351
e 2 6 1 0.367
e 4 8 1 0.319
e 4 5 0 0.435
e 6 7 1 0.453
e 7 8 0 0.430
e 7 9 0 0.398
t # 222
v 0 0
v 1 0
v 2 2
v 3 0
v 4 0
v 5 0
v 6 0
v 7 0
v 8 0
v 9 0
v 10 0
v 11 2
e 0 2 1 0.437
e 0 3 0 0.491
e 1 4 0 0.367
e 1 2 1 0.439
e 1 5 0 0.393
e 2 3 1 0.442
e 2 4 0 0.319
e 2 5 0 0.434
e 3 8 0 0.399
e 3 4 0 0.379
e 9 11 0 0.436
t # 223
v 0 2
v 1 0
v 2 2
v 3 1
v 4 0
v 5 0
v 6 0
v 7 0
v 8 0
v 9 2
e 0 2 1 0.398
e 1 2 0 0.326
e 1 3 0 0.317
e 1 4 0 0.353
e 2 3 0 0.373
e 3 8 0 0.414
e 6 8 0 0.414
e 8 9 0 0.432
t # 224
v 0 0
v 1 0
v 2 2
v 3 0
v 4 1
v 5 0
v 6 5
v 7 0
v 8 0
v 9 0
e 0 2 0 0.276
e 0 3 0 0.396
e 0 4 1 0.381
e 1 6 1 0.426
e 1 5 0 0.364
e 2 3 1 0.332
e 2 4 1 0.351
e 2 5 1 0.515
e 3 7 1 0.384
e 3 8 0 0.350
e 6 9 0 0.385
t # 225
v 0 0
v 1 0
v 2 0
v 3 1
v 4 0
v 5 0
v 6 0
v 7 0
v 8 0
v 9 0
v 10 0
v 11 0
e 0 2 0 0.348
e 0 3 1 0.366
e 1 2 0 0.406
e 1 3 0 0.427
e 1 4 1 0.431
e 2 4 1 0.435
e 3 5 0 0.446
e 4 6 0 0.394
t # 226
v 0 0
v 1 1
v 2 1
v 3 0
v 4 0
v 5 0
v 6 0
v 7 0
v 8 0
v 9 0
e 0 6 0 0.398
e 0 7 0 0.400
e 1 2 1 0.438
e 2 4 0 0.410
e 3 5 0 0.425
e 3 6 0 0.411
e 4 5 0 0.447
e 4 6 1 0.327
e 5 7 1 0.400
e 5 8 0 0.350
e 6 9 1 0.410
t # 227
v 0 0
v 1 0
v 2 0
v 3 0
v 4 0
v 5 0
v 6 0
v 7 0
v 8 2
v 9 1
e 0 7 0 0.438
e 1 2 0 0.486
e 1 3 0 0.411
e 2 3 0 0.342
e 2 4 0 0.374
e 6 7 1 0.346
e 6 8 0 0.412
e 6 9 0 0.409
t # 228
v 0 5
v 1 0
v 2 0
v 3 0
v 4 0
v 5 1
v 6 1
v 7 0
v 8 0
v 9 0
e 0 4 0 0.377
e 0 5 0 0.368
e 0 6 1 0.446
e 0 2 1 0.294
e 1 2 0 0.462
e 1 3 0 0.380
e 2 9 1 0.473
e 3 7 1 0.410
e 5 8 0 0.394
e 5 9 0 0.373
t # 229
v 0 2
v 1 0
v 2 0
v 3 0
v 4 2
v 5 0
v 6 0
v 7 0
v 8 0
v 9 0
e 0 3 1 0.374
e 1 2 0 0.358
e 1 3 0 0.432
e 3 4 0 0.384
e 4 6 0 0.412
e 5 9 0 0.463
e 6 7 0 0.336
e 6 8 0 0.403
t # 230
v 0 0
v 1 1
v 2 0
v 3 0
v 4 0
v 5 0
v 6 6
v 7 0
v 8 0
v 9 0
e 0 4 0 0.383
e 1 2 0 0.407
e 1 3 0 0.390
e 2 3 0 0.419
e 2 4 0 0.406
e 3 7 0 0.349
e 5 6 0 0.435
e 5 7 0 0.330
e 5 8 1 0.387
e 6 9 0 0.309
t # 231
v 0 1
v 1 0
v 2 0
v 3 1
v 4 0
v 5 0
v 6 1
v 7 0
v 8 0
v 9 0
e 0 2 0 0.318
e 0 3 0 0.453
e 3 4 1 0.438
e 4 7 0 0.317
e 4 8 0 0.437
e 4 9 0 0.445
t # 232
v 0 0
v 1 0
v 2 0
v 3 0
v 4 0
v 5 0
v 6 0
v 7 0
v 8 0
v 9 0
e 0 1 0 0.386
e 0 2 0 0.388
e 0 3 0 0.333
e 0 4 0 0.512
e 1 9 0 0.492
e 2 9 0 0.492
e 4 5 0 0.429
e 4 6 1 0.409
e 6 7 0 0.363
e 6 8 0 0.399
e 8 9 0 0.347
t # 233
v 0 0
v 1 0
v 2 0
v 3 2
v 4 0
v 5 0
v 6 0
v 7 0
v 8 0
v 9 0
e 0 8 0 0.293
e 1 2 1 0.463
e 1 3 0 0.363
e 2 3 0 0.302
e 2 4 0 0.446
e 2 5 0 0.358
e 3 4 0 0.440
e 3 5 1 0.428
e 3 6 0 0.284
e 4 7 0 0.367
e 4 5 0 0.356
e 5 8 1 0.326
e 7 8 0 0.359
t # 234
v 0 1
v 1 2
v 2 2
v 3 1
v 4 0
v 5 0
v 6 1
v 7 0
v 8 0
v 9 0
e 0 2 0 0.477
e 1 3 0 0.440
e 1 4 1 0.424
e 1 5 0 0.346
e 2 4 0 0.345
e 2 5 0 0.307
e 3 5 1 0.468
e 4 8 0 0.428
e 5 6 1 0.420
e 7 8 0 0.384
e 7 9 0 0.380
t # 235
v 0 0
v 1 1
v 2 1
v 3 0
v 4 0
v 5 2
v 6 1
v 7 0
v 8 2
v 9 0
e 0 5 1 0.350
e 0 6 0 0.418
e 1 2 1 0.457
e 3 4 1 0.402
e 4 5 1 0.406
e 4 6 0 0.328
e 4 7 1 0.399
e 5 8 1 0.390
e 5 9 0 0.467
e 7 9 0 0.419
t # 236
v 0 1
v 1 0
v 2 2
v 3 0
v 4 0
v 5 1
v 6 2
v 7 0
v 8 0
v 9 2
e 0 2 0 0.376
e 0 3 0 0.371
e 1 5 0 0.410
e 1 6 0 0.372
e 2 7 0 0.415
e 2 8 0 0.395
e 4 6 0 0.385
e 4 7 0 0.378
e 5 8 1 0.302
e 6 8 0 0.362
e 6 9 0 0.458
t # 237
v 0 0
v 1 1
v 2 1
v 3 0
v 4 1
v 5 0
v 6 1
v 7 1
v 8 0
v 9 0
e 0 2 0 0.417
e 0 3 1 0.485
e 0 4 0 0.418
e 1 5 0 0.446
e 2 6 0 0.433
e 3 5 0 0.414
e 3 7 0 0.367
t # 238
v 0 0
v 1 1
v 2 0
v 3 0
v 4 1
v 5 0
v 6 0
v 7 0
v 8 1
v 9 0
e 0 3 0 0.533
e 0 4 0 0.433
e 0 5 0 0.495
e 1 2 0 0.450
e 4 6 0 0.440
e 4 7 1 0.344
e 6 8 1 0.396
e 6 9 0 0.435
t # 239
v 0 0
v 1 0
v 2 0
v 3 1
v 4 0
v 5 0
v 6 0
v 7 0
v 8 1
v 9 0
v 10 2
e 0 3 1 0.442
e 0 2 0 0.314
e 1 2 0 0.464
e 1 3 1 0.411
e 2 4 0 0.440
e 2 5 0 0.405
e 3 6 1 0.373
e 5 6 0 0.355
e 7 8 0 0.436
t # 240
v 0 0
v 1 0
v 2 1
v 3 1
v 4 0
v 5 0
v 6 2
v 7 1
v 8 0
v 9 0
v 10 0
v 11 0
v 12 0
v 13 0
v 14 0
e 0 5 1 0.427
e 0 6 0 0.519
e 0 7 1 0.404
e 1 2 0 0.365
e 1 3 0 0.390
e 1 4 0 0.500
e 3 4 0 0.393
e 4 6 0 0.389
e 5 6 1 0.494
e 7 14 0 0.349
t # 241
v 0 5
v 1 0
v 2 0
v 3 0
v 4 0
v 5 0
v 6 2
v 7 0
v 8 0
v 9 3
e 0 4 0 0.489
e 1 2 0 0.255
e 1 3 0 0.350
e 2 3 0 0.413
e 2 4 0 0.439
e 4 7 0 0.325
e 5 6 1 0.418
t # 242
v 0 0
v 1 0
v 2 0
v 3 0
v 4 0
v 5 5
v 6 0
v 7 0
v 8 0
v 9 0
e 0 2 0 0.421
e 0 3 0 0.342
e 2 8 0 0.325
e 3 4 1 0.428
e 3 5 0 0.504
e 4 6 0 0.373
e 4 7 1 0.441
e 5 8 0 0.325
e 7 8 1 0.437
e 7 9 1 0.379
t # 243
v 0 1
v 1 0
v 2 5
v 3 0
v 4 0
v 5 0
v 6 1
v 7 2
v 8 0
v 9 0
e 0 2 1 0.361
e 1 8 0 0.495
e 1 9 1 0.466
e 2 3 0 0.417
e 2 4 0 0.407
e 3 5 0 0.395
e 3 6 0 0.366
e 3 7 0 0.502
t # 244
v 0 0
v 1 1
v 2 0
v 3 0
v 4 5
v 5 0
v 6 0
v 7 0
v 8 0
v 9 0
v 10 0
v 11 0
v 12 0
e 0 2 0 0.461
e 0 3 0 0.472
e 0 4 0 0.390
e 1 6 0 0.450
e 3 4 0 0.347
e 3 5 1 0.271
e 4 5 1 0.384
e 4 6 0 0.346
e 5 6 0 0.296
t # 245
v 0 0
v 1 0
v 2 0
v 3 0
v 4 0
v 5 0
v 6 0
v 7 0
v 8 0
v 9 0
e 0 2 0 0.391
e 0 3 0 0.422
e 0 4 0 0.486
e 0 5 0 0.466
e 1 3 0 0.365
e 1 4 0 0.358
e 1 5 0 0.443
e 3 4 0 0.423
e 3 5 1 0.395
e 4 8 1 0.459
e 5 6 0 0.327
e 7 8 0 0.437
e 7 9 1 0.395
t # 246
v 0 2
v 1 2
v 2 0
v 3 0
v 4 0
v 5 0
v 6 0
v 7 0
v 8 0
v 9 0
e 0 2 1 0.462
e 0 3 0 0.445
e 1 6 0 0.398
e 1 7 0 0.402
e 1 8 0 0.372
e 2 4 0 0.332
e 2 5 0 0.475
e 3 9 1 0.432
e 5 6 0 0.420
e 8 9 0 0.448
t # 247
v 0 3
v 1 0
v 2 0
v 3 1
v 4 0
v 5 0
v 6 0
v 7 0
v 8 1
v 9 0
e 0 4 0 0.437
e 1 2 0 0.341
e 1 3 0 0.354
e 2 5 0 0.361
e 2 6 0 0.473
e 2 7 0 0.397
e 3 8 1 0.343
e 7 9 0 0.398
t # 248
v 0 0
v 1 0
v 2 0
v 3 0
v 4 2
v 5 0
v 6 2
v 7 0
v 8 0
v 9 0
e 0 7 0 0.356
e 0 8 0 0.464
e 1 2 0 0.351
e 1 3 0 0.440
e 1 4 0 0.390
e 2 5 0 0.372
e 2 6 0 0.270
e 3 9 0 0.423
e 3 7 0 0.368
t # 249
v 0 3
v 1 0
v 2 0
v 3 0
v 4 1
v 5 0
v 6 0
v 7 0
v 8 0
v 9 0
e 0 2 1 0.457
e 1 4 0 0.400
e 1 5 0 0.379
e 1 6 0 0.375
e 1 7 0 0.460
e 4 8 0 0.438
e 4 9 1 0.436
t # 250
v 0 5
v 1 0
v 2 0
v 3 2
v 4 0
v 5 1
v 6 5
v 7 2
v 8 2
v 9 1
e 0 2 0 0.382
e 1 2 0 0.286
e 1 3 0 0.472
e 1 4 1 0.389
e 2 7 1 0.455
e 2 3 0 0.450
e 2 8 1 0.339
e 5 6 0 0.338
e 6 9 1 0.297
e 7 9 1 0.297
t # 251
v 0 0
v 1 0
v 2 0
v 3 0
v 4 0
v 5 0
v 6 0
v 7 0
v 8 0
v 9 0
e 0 2 0 0.387
e 0 3 0 0.362
e 0 4 1 0.364
e 1 7 0 0.477
e 2 3 0 0.362
e 2 4 1 0.364
e 3 5 1 0.382
e 3 6 0 0.569
e 3 7 1 0.360
e 4 9 0 0.434
e 7 8 0 0.351
t # 252
v 0 1
v 1 0
v 2 0
v 3 1
v 4 0
v 5 0
v 6 0
v 7 1
v 8 0
v 9 0
e 0 3 1 0.406
e 1 2 0 0.420
e 2 4 0 0.381
e 2 5 0 0.412
e 4 9 0 0.425
e 4 5 0 0.448
e 5 6 1 0.381
e 6 7 0 0.420
t # 253
v 0 1
v 1 1
v 2 0
v 3 0
v 4 0
v 5 2
v 6 0
v 7 1
v 8 0
v 9 0
e 0 2 0 0.340
e 0 3 0 0.382
e 1 5 0 0.370
e 1 6 0 0.312
e 2 3 0 0.414
e 2 4 0 0.376
e 3 7 0 0.376
e 3 8 0 0.349
e 4 5 0 0.447
e 4 7 0 0.446
e 5 6 0 0.456
e 5 7 1 0.351
e 6 7 0 0.470
e 7 9 0 0.443
t # 254
v 0 0
v 1 0
v 2 1
v 3 0
v 4 0
v 5 0
v 6 0
v 7 0
v 8 0
v 9 1
e 0 2 0 0.314
e 0 3 0 0.435
e 0 4 1 0.360
e 1 4 0 0.417
e 1 3 0 0.341
e 3 6 0 0.395
e 3 7 0 0.330
e 5 8 0 0.399
e 5 9 0 0.324
t # 255
v 0 0
v 1 0
v 2 0
v 3 0
v 4 0
v 5 0
v 6 0
v 7 0
v 8 0
v 9 0
e 0 2 0 0.393
e 0 3 0 0.319
e 0 4 0 0.460
e 1 3 0 0.459
e 1 4 0 0.331
e 2 5 0 0.485
e 2 4 0 0.387
e 5 9 0 0.468
t # 256
v 0 0
v 1 1
v 2 0
v 3 0
v 4 0
v 5 0
v 6 5
v 7 0
v 8 1
v 9 5
e 0 2 0 0.367
e 0 3 1 0.454
e 0 4 0 0.423
e 1 5 0 0.460
e 5 6 0 0.401
e 6 7 0 0.449
e 6 8 1 0.398
e 8 9 0 0.313
t # 257
v 0 0
v 1 1
v 2 1
v 3 0
v 4 2
v 5 2
v 6 1
v 7 0
v 8 0
v 9 0
e 0 2 0 0.325
e 0 3 0 0.376
e 1 6 1 0.432
e 2 6 1 0.376
e 3 8 0 0.324
e 3 9 0 0.405
e 4 5 0 0.454
e 4 6 0 0.391
e 6 7 0 0.415
t # 258
v 0 0
v 1 0
v 2 0
v 3 0
v 4 2
v 5 0
v 6 3
v 7 0
v 8 2
v 9 0
e 0 2 1 0.440
e 0 3 0 0.444
e 1 5 0 0.369
e 2 4 0 0.408
e 2 5 1 0.465
e 4 6 1 0.399
e 4 7 0 0.286
e 5 8 0 0.408
e 6 8 1 0.465
e 6 9 1 0.413
t # 259
v 0 0
v 1 0
v 2 0
v 3 1
v 4 0
v 5 0
v 6 0
v 7 0
v 8 3
v 9 0
e 0 2 0 0.353
e 0 3 0 0.512
e 0 1 1 0.414
e 1 4 0 0.319
e 2 3 1 0.399
e 2 4 1 0.499
e 3 5 1 0.347
e 7 8 1 0.403
t # 260
v 0 0
v 1 0
v 2 0
v 3 0
v 4 0
v 5 5
v 6 0
v 7 0
v 8 2
v 9 0
e 0 2 1 0.415
e 0 3 1 0.501
e 1 6 1 0.414
e 1 7 0 0.382
e 1 8 1 0.410
e 2 3 0 0.457
e 2 4 1 0.423
e 2 5 0 0.354
e 4 9 0 0.345
t # 261
v 0 0
v 1 0
v 2 0
v 3 1
v 4 0
v 5 0
v 6 0
v 7 0
v 8 0
v 9 0
e 0 2 1 0.394
e 0 3 0 0.377
e 1 4 0 0.479
e 2 3 0 0.445
e 2 4 1 0.426
e 2 5 0 0.401
e 3 5 0 0.443
e 4 6 0 0.331
e 4 7 1 0.384
e 6 7 0 0.391
t # 262
v 0 0
v 1 0
v 2 1
v 3 1
v 4 0
v 5 5
v 6 0
v 7 0
v 8 0
v 9 0
e 0 2 0 0.491
e 0 3 2 0.418
e 1 3 0 0.455
e 1 4 1 0.439
e 2 5 1 0.425
e 4 6 0 0.399
e 4 7 2 0.317
e 5 9 0 0.377
e 7 8 2 0.428
t # 263
v 0 2
v 1 0
v 2 0
v 3 0
v 4 0
v 5 0
v 6 0
v 7 1
v 8 0
v 9 0
v 10 2
e 0 2 0 0.429
e 0 3 1 0.367
e 1 4 0 0.404
e 1 5 0 0.411
e 1 6 1 0.443
e 2 5 0 0.451
e 3 5 0 0.393
e 3 7 1 0.352
e 4 5 0 0.336
e 4 6 0 0.398
e 7 10 0 0.436
t # 264
v 0 0
v 1 0
v 2 0
v 3 0
v 4 2
v 5 0
v 6 0
v 7 0
v 8 0
v 9 0
e 0 2 0 0.353
e 0 3 1 0.443
e 0 4 0 0.265
e 1 8 1 0.434
e 1 9 1 0.403
e 2 5 0 0.409
e 2 6 0 0.441
e 2 7 0 0.400
t # 265
v 0 0
v 1 0
v 2 0
v 3 0
v 4 0
v 5 0
v 6 0
v 7 5
v 8 0
v 9 0
e 0 2 0 0.426
e 0 3 0 0.431
e 0 4 0 0.367
e 1 7 0 0.371
e 1 8 0 0.405
e 2 3 0 0.431
e 2 4 0 0.367
e 3 6 1 0.350
e 4 5 0 0.444
e 4 6 1 0.406
e 5 9 1 0.368
e 6 7 0 0.425
e 8 9 0 0.426
t # 266
v 0 0
v 1 0
v 2 0
v 3 0
v 4 2
v 5 0
v 6 0
v 7 0
v 8 0
v 9 0
e 0 2 0 0.356
e 0 3 0 0.458
e 1 4 1 0.371
e 1 5 0 0.514
e 2 9 0 0.310
e 3 7 0 0.467
e 3 8 1 0.404
e 4 6 1 0.398
t # 267
v 0 0
v 1 0
v 2 0
v 3 1
v 4 0
v 5 0
v 6 0
v 7 0
v 8 5
v 9 0
e 1 2 0 0.350
e 1 3 0 0.402
e 2 3 0 0.455
e 2 4 1 0.485
e 2 5 0 0.451
e 3 8 1 0.313
e 5 6 0 0.391
e 7 9 1 0.377
t # 268
v 0 0
v 1 0
v 2 1
v 3 1
v 4 11
v 5 0
v 6 0
v 7 1
v 8 0
v 9 0
v 10 0
v 11 0
v 12 0
e 0 5 0 0.463
e 1 2 0 0.406
e 1 3 0 0.469
e 1 4 0 0.493
e 2 5 0 0.450
e 3 7 0 0.405
e 4 5 1 0.406
e 5 6 0 0.411
e 6 7 0 0.371
e 6 8 0 0.313
e 6 12 0 0.336
e 7 8 0 0.455
t # 269
v 0 0
v 1 0
v 2 0
v 3 0
v 4 0
v 5 1
v 6 1
v 7 0
v 8 0
v 9 1
e 0 3 0 0.369
e 0 4 0 0.414
e 0 5 0 0.408
e 1 2 0 0.439
e 1 3 0 0.436
e 1 4 0 0.531
e 3 4 0 0.378
e 3 5 0 0.308
e 3 6 0 0.342
e 3 7 0 0.381
e 4 6 0 0.473
e 4 7 0 0.353
e 5 6 0 0.364
e 5 7 0 0.392
e 6 7 0 0.435
e 6 8 0 0.448
e 8 9 0 0.370
t # 270
v 0 0
v 1 0
v 2 0
v 3 0
v 4 0
v 5 1
v 6 2
v 7 2
v 8 0
v 9 5
e 0 2 0 0.376
e 0 3 0 0.372
e 1 3 1 0.421
e 1 4 1 0.473
e 2 7 1 0.421
e 3 6 0 0.375
e 3 7 1 0.454
e 4 5 0 0.390
e 4 6 0 0.253
e 4 7 0 0.349
e 5 9 1 0.476
t # 271
v 0 11
v 1 0
v 2 1
v 3 0
v 4 0
v 5 0
v 6 1
v 7 0
v 8 0
v 9 0
e 0 2 0 0.366
e 1 3 0 0.410
e 1 4 0 0.417
e 1 5 0 0.408
e 2 4 0 0.370
e 3 6 1 0.399
e 4 8 0 0.343
e 5 7 0 0.406
e 5 8 0 0.395
e 8 9 0 0.340
t # 272
v 0 0
v 1 0
v 2 0
v 3 0
v 4 1
v 5 0
v 6 0
v 7 0
v 8 0
v 9 1
e 0 5 0 0.352
e 0 6 0 0.372
e 1 2 0 0.468
e 1 3 0 0.468
e 3 4 0 0.413
e 4 8 1 0.401
e 5 6 0 0.358
e 5 7 0 0.325
e 6 9 0 0.424
e 8 9 0 0.397
t # 273
v 0 0
v 1 0
v 2 0
v 3 1
v 4 0
v 5 1
v 6 0
v 7 2
v 8 0
v 9 0
e 0 2 0 0.347
e 0 3 0 0.463
e 0 4 1 0.495
e 1 4 0 0.362
e 1 6 0 0.397
e 2 3 0 0.463
e 2 4 1 0.495
e 3 5 1 0.425
e 4 8 1 0.386
e 4 5 0 0.531
e 5 6 0 0.330
e 6 9 1 0.394
e 7 8 1 0.407
t # 274
v 0 0
v 1 2
v 2 2
v 3 1
v 4 2
v 5 0
v 6 0
v 7 0
v 8 0
v 9 1
e 0 2 1 0.441
e 0 3 0 0.409
e 0 4 0 0.452
e 1 7 0 0.416
e 1 8 0 0.393
e 3 5 0 0.430
e 3 6 0 0.337
e 6 9 0 0.328
t # 275
v 0 0
v 1 0
v 2 0
v 3 3
v 4 0
v 5 1
v 6 0
v 7 1
v 8 2
v 9 0
e 0 8 0 0.436
e 0 6 0 0.416
e 0 9 1 0.402
e 1 2 0 0.311
e 1 3 1 0.358
e 2 4 0 0.358
e 3 7 0 0.464
e 4 6 0 0.451
e 4 7 1 0.370
e 4 8 0 0.353
e 5 8 0 0.453
e 7 8 1 0.411
t # 276
v 0 0
v 1 0
v 2 1
v 3 0
v 4 0
v 5 0
v 6 0
v 7 0
v 8 0
v 9 0
e 0 2 0 0.324
e 0 3 0 0.412
e 1 8 0 0.309
e 2 4 0 0.328
e 2 5 0 0.338
e 2 6 1 0.387
e 3 4 0 0.435
e 3 5 1 0.353
e 5 6 0 0.389
e 5 7 0 0.406
e 8 9 0 0.363
t # 277
v 0 1
v 1 0
v 2 0
v 3 0
v 4 0
v 5 0
v 6 0
v 7 0
v 8 3
v 9 0
e 0 5 1 0.355
e 0 6 0 0.428
e 1 2 0 0.417
e 1 3 0 0.443
e 1 4 0 0.352
e 2 3 0 0.437
e 2 5 0 0.327
e 3 6 1 0.389
e 4 6 0 0.487
e 5 7 0 0.409
e 6 9 0 0.407
e 6 7 1 0.446
t # 278
v 0 1
v 1 0
v 2 0
v 3 0
v 4 0
v 5 0
v 6 0
v 7 0
v 8 0
v 9 0
e 0 3 0 0.463
e 1 2 1 0.343
e 1 3 0 0.420
e 1 4 0 0.344
e 2 4 0 0.424
e 3 5 0 0.379
e 5 6 0 0.363
e 8 9 1 0.408
t # 279
v 0 0
v 1 1
v 2 0
v 3 0
v 4 0
v 5 0
v 6 0
v 7 0
v 8 0
v 9 2
e 0 2 0 0.482
e 0 3 0 0.410
e 1 5 0 0.287
e 1 6 0 0.396
e 2 8 0 0.386
e 2 9 0 0.409
e 3 4 0 0.371
e 4 7 0 0.374
e 6 8 0 0.386
e 6 9 0 0.409
t # 280
v 0 2
v 1 0
v 2 2
v 3 1
v 4 0
v 5 0
v 6 0
v 7 0
v 8 0
v 9 2
e 0 2 1 0.432
e 0 3 0 0.427
e 1 4 0 0.323
e 1 5 1 0.361
e 1 6 1 0.313
e 2 3 1 0.423
e 2 4 0 0.455
e 4 5 0 0.341
e 4 6 1 0.319
e 6 8 1 0.352
e 6 9 0 0.502
t # 281
v 0 0
v 1 0
v 2 0
v 3 0
v 4 0
v 5 1
v 6 0
v 7 1
v 8 0
v 9 0
e 1 2 0 0.448
e 1 3 0 0.383
e 1 4 0 0.408
e 2 3 0 0.394
e 2 4 1 0.369
e 2 5 0 0.356
e 3 6 1 0.428
e 3 7 0 0.367
e 4 8 0 0.484
e 4 9 0 0.369
e 7 8 0 0.348
t # 282
v 0 0
v 1 0
v 2 0
v 3 1
v 4 0
v 5 0
v 6 0
v 7 0
v 8 1
v 9 0
e 0 2 0 0.321
e 1 5 1 0.338
e 2 3 0 0.379
e 5 7 0 0.437
e 5 8 0 0.335
e 5 9 0 0.327
t # 283
v 0 0
v 1 1
v 2 5
v 3 0
v 4 1
v 5 0
v 6 0
v 7 5
v 8 0
v 9 0
e 0 3 1 0.487
e 0 4 0 0.424
e 1 2 1 0.395
e 2 4 1 0.458
e 2 5 0 0.395
e 2 6 1 0.383
e 2 7 1 0.482
e 3 9 1 0.358
e 4 7 1 0.387
e 5 6 0 0.376
e 5 7 1 0.432
e 5 8 0 0.354
t # 284
v 0 2
v 1 1
v 2 11
v 3 0
v 4 0
v 5 0
v 6 0
v 7 0
v 8 0
v 9 1
e 0 2 1 0.355
e 1 3 0 0.388
e 2 6 0 0.441
e 3 4 0 0.307
e 4 9 0 0.439
e 4 6 0 0.266
e 5 9 1 0.359
t # 285
v 0 6
v 1 0
v 2 0
v 3 0
v 4 0
v 5 0
v 6 0
v 7 0
v 8 0
v 9 0
e 0 2 0 0.448
e 0 3 0 0.407
e 1 4 0 0.439
e 1 5 0 0.381
e 2 6 1 0.436
e 3 6 0 0.334
e 3 7 1 0.443
e 5 6 0 0.400
e 5 7 0 0.466
e 6 9 1 0.361
t # 286
v 0 1
v 1 0
v 2 0
v 3 0
v 4 0
v 5 0
v 6 0
v 7 0
v 8 0
v 9 0
e 0 2 0 0.409
e 0 3 1 0.512
e 1 4 0 0.426
e 1 5 0 0.452
e 2 6 0 0.376
e 2 7 0 0.339
e 3 8 0 0.377
e 3 9 0 0.421
e 7 8 1 0.404
t # 287
v 0 0
v 1 0
v 2 1
v 3 0
v 4 1
v 5 2
v 6 0
v 7 0
v 8 0
v 9 2
e 0 5 0 0.512
e 0 1 0 0.350
e 1 2 0 0.413
e 2 4 0 0.452
e 2 5 0 0.388
e 3 4 0 0.452
e 4 5 0 0.383
e 6 9 1 0.458
t # 288
v 0 0
v 1 0
v 2 1
v 3 1
v 4 0
v 5 5
v 6 5
v 7 1
v 8 1
v 9 0
e 0 1 0 0.419
e 0 3 0 0.361
e 0 4 0 0.357
e 1 2 0 0.345
e 1 9 0 0.433
e 4 5 0 0.346
e 5 6 0 0.466
e 6 7 0 0.421
e 6 8 1 0.403
e 6 9 1 0.360
t # 289
v 0 0
v 1 0
v 2 0
v 3 0
v 4 0
v 5 0
v 6 1
v 7 0
v 8 1
v 9 0
v 10 0
v 11 0
e 0 7 0 0.421
e 0 8 1 0.327
e 1 2 1 0.444
e 1 3 0 0.394
e 1 4 0 0.447
e 2 3 0 0.409
e 2 4 0 0.411
e 3 6 0 0.444
e 3 7 0 0.471
e 6 11 0 0.451
e 10 11 1 0.397
t # 290
v 0 1
v 1 5
v 2 1
v 3 0
v 4 1
v 5 0
v 6 0
v 7 0
v 8 2
v 9 2
e 0 4 0 0.455
e 1 2 0 0.347
e 1 3 0 0.400
e 3 4 1 0.482
e 3 5 0 0.430
e 4 6 1 0.410
e 4 5 0 0.389
e 8 9 0 0.422
t # 291
v 0 1
v 1 0
v 2 0
v 3 0
v 4 0
v 5 0
v 6 5
v 7 0
v 8 0
v 9 0
e 0 6 1 0.415
e 1 2 1 0.334
e 1 3 0 0.397
e 2 8 0 0.335
e 2 9 0 0.412
e 3 4 1 0.355
e 3 5 0 0.432
e 6 7 0 0.431
t # 292
v 0 2
v 1 0
v 2 2
v 3 0
v 4 2
v 5 0
v 6 0
v 7 1
v 8 0
v 9 1
v 10 0
v 11 5
v 12 0
v 13 0
v 14 1
e 0 1 0 0.361
e 1 2 1 0.504
e 1 6 0 0.401
e 2 3 0 0.446
e 3 4 0 0.429
e 3 7 0 0.377
e 4 5 0 0.420
e 4 8 1 0.420
e 5 6 0 0.452
e 8 9 0 0.388
e 8 12 0 0.376
e 9 10 0 0.454
e 10 11 0 0.359
e 10 13 0 0.329
e 11 12 1 0.448
e 13 14 0 0.316
t # 293
v 0 0
v 1 0
v 2 0
v 3 0
v 4 0
v 5 2
v 6 0
v 7 1
v 8 1
v 9 1
e 0 2 0 0.401
e 0 3 1 0.461
e 0 4 1 0.396
e 2 7 0 0.491
e 2 8 1 0.432
e 2 9 1 0.409
e 4 5 0 0.336
e 4 6 0 0.424
t # 294
v 0 0
v 1 0
v 2 0
v 3 2
v 4 0
v 5 0
v 6 2
v 7 1
v 8 1
v 9 0
e 0 3 1 0.367
e 0 4 0 0.386
e 0 5 1 0.430
e 1 2 1 0.415
e 1 3 0 0.381
e 2 3 0 0.385
e 2 4 1 0.359
e 2 5 0 0.413
e 3 9 0 0.447
e 4 6 0 0.387
e 6 7 0 0.356
e 6 8 1 0.375
t # 295
v 0 0
v 1 5
v 2 1
v 3 1
v 4 0
v 5 0
v 6 0
v 7 0
v 8 0
v 9 0
v 10 0
v 11 0
e 0 2 0 0.393
e 1 5 1 0.323
e 1 2 0 0.427
e 1 6 1 0.348
e 1 7 0 0.431
e 3 4 0 0.369
e 4 6 0 0.523
e 4 7 0 0.364
e 5 8 0 0.406
e 6 8 1 0.434
e 8 11 0 0.321
e 9 11 0 0.321
e 10 11 0 0.321
t # 296
v 0 0
v 1 20
v 2 1
v 3 0
v 4 1
v 5 0
v 6 0
v 7 1
v 8 2
v 9 0
e 0 2 0 0.368
e 0 3 1 0.391
e 2 3 0 0.258
e 3 4 0 0.336
e 3 5 0 0.474
e 6 8 0 0.456
e 6 9 0 0.387
t # 297
v 0 0
v 1 2
v 2 0
v 3 1
v 4 0
v 5 0
v 6 0
v 7 0
v 8 1
v 9 0
v 10 0
v 11 0
e 0 2 0 0.294
e 0 3 0 0.388
e 1 3 0 0.441
e 1 4 0 0.374
e 1 5 0 0.399
e 2 4 0 0.464
e 3 5 1 0.335
e 6 11 1 0.411
t # 298
v 0 0
v 1 0
v 2 0
v 3 0
v 4 0
v 5 4
v 6 0
v 7 0
v 8 0
v 9 1
e 0 2 0 0.318
e 0 3 0 0.432
e 1 4 1 0.325
e 1 5 0 0.358
e 2 4 0 0.396
e 2 5 0 0.361
e 2 6 0 0.397
e 4 7 1 0.457
e 4 8 1 0.456
e 5 9 0 0.484
e 8 9 0 0.457
t # 299
v 0 1
v 1 0
v 2 0
v 3 0
v 4 0
v 5 0
v 6 1
v 7 0
v 8 0
v 9 0
e 0 8 0 0.445
e 1 2 1 0.385
e 1 3 0 0.401
e 1 4 1 0.394
e 2 3 0 0.423
e 2 4 0 0.434
e 2 5 0 0.362
e 2 6 0 0.410
e 5 7 0 0.465
e 5 8 0 0.450
e 8 9 0 0.425
t # 300
v 0 0
v 1 1
v 2 0
v 3 0
v 4 1
v 5 1
v 6 0
v 7 0
v 8 1
v 9 0
e 0 2 0 0.357
e 0 3 0 0.373
e 0 4 0 0.347
e 1 5 0 0.352
e 3 5 0 0.508
e 3 6 1 0.460
e 3 7 0 0.401
e 4 6 0 0.393
e 6 7 1 0.396
e 6 8 1 0.387
e 6 9 0 0.390
t # 301
v 0 0
v 1 1
v 2 0
v 3 0
v 4 0
v 5 0
v 6 0
v 7 0
v 8 0
v 9 0
e 0 2 1 0.357
e 0 3 0 0.423
e 2 4 0 0.319
e 3 8 0 0.337
e 3 9 0 0.387
e 4 6 0 0.403
e 4 7 1 0.449
t # 302
v 0 0
v 1 2
v 2 0
v 3 0
v 4 1
v 5 1
v 6 0
v 7 0
e 0 4 1 0.387
e 0 5 0 0.367
e 0 6 0 0.486
e 1 2 0 0.411
e 1 3 0 0.420
e 2 3 0 0.386
e 2 4 0 0.479
e 3 5 0 0.389
e 3 6 1 0.348
e 4 7 0 0.346
e 4 6 0 0.292
e 6 7 0 0.325
t # 303
v 0 1
v 1 0
v 2 0
v 3 0
v 4 0
v 5 2
v 6 0
v 7 0
v 8 1
v 9 1
e 0 2 0 0.346
e 1 2 1 0.406
e 1 3 0 0.445
e 1 4 1 0.379
e 3 5 0 0.408
e 4 6 0 0.432
e 4 7 0 0.343
e 7 8 1 0.356
e 7 9 1 0.440
t # 304
v 0 0
v 1 0
v 2 0
v 3 0
v 4 2
v 5 0
v 6 0
v 7 2
v 8 0
v 9 5
e 0 2 1 0.422
e 0 3 0 0.377
e 0 4 0 0.370
e 1 5 0 0.378
e 1 2 0 0.369
e 2 4 0 0.396
e 2 5 0 0.321
e 2 6 1 0.338
e 4 6 0 0.450
e 4 7 0 0.424
e 5 8 0 0.412
e 5 9 1 0.298
t # 305
v 0 5
v 1 0
v 2 0
v 3 1
v 4 0
v 5 1
v 6 0
v 7 0
v 8 0
v 9 0
e 0 2 1 0.329
e 0 3 1 0.387
e 0 4 1 0.322
e 0 5 1 0.336
e 1 3 0 0.389
e 1 4 0 0.401
e 1 5 0 0.551
e 2 5 1 0.468
e 2 6 0 0.414
e 3 4 0 0.388
e 4 6 0 0.371
e 4 5 0 0.339
e 8 9 0 0.462
t # 306
v 0 0
v 1 0
v 2 1
v 3 0
v 4 0
v 5 0
v 6 0
v 7 1
v 8 0
v 9 0
e 0 2 0 0.410
e 0 3 0 0.370
e 0 4 1 0.359
e 2 3 1 0.374
e 3 4 0 0.390
e 3 5 0 0.413
e 4 5 0 0.343
e 4 6 0 0.474
e 4 7 1 0.368
e 6 9 0 0.364
e 7 8 0 0.431
e 8 9 1 0.487
t # 307
v 0 0
v 1 0
v 2 0
v 3 0
v 4 0
v 5 0
v 6 0
v 7 0
v 8 0
v 9 1
e 0 3 0 0.404
e 0 1 0 0.506
e 0 4 0 0.451
e 1 2 1 0.468
e 2 4 0 0.395
e 3 5 1 0.416
e 6 8 1 0.305
e 6 9 0 0.309
t # 308
v 0 2
v 1 0
v 2 0
v 3 5
v 4 0
v 5 0
v 6 0
v 7 2
v 8 1
v 9 1
e 0 6 0 0.383
e 0 7 1 0.315
e 1 2 0 0.424
e 1 3 0 0.405
e 1 4 0 0.372
e 2 4 1 0.429
e 3 5 1 0.511
e 4 8 0 0.360
e 4 9 1 0.397
e 4 7 0 0.380
e 5 6 1 0.352
t # 309
v 0 0
v 1 2
v 2 0
v 3 1
v 4 0
v 5 1
v 6 0
v 7 1
v 8 0
v 9 0
e 0 3 1 0.342
e 0 4 0 0.460
e 1 2 0 0.367
e 3 5 1 0.372
e 4 6 0 0.462
e 4 7 1 0.400
e 6 8 1 0.462
e 6 9 0 0.353
t # 310
v 0 0
v 1 0
v 2 1
v 3 0
v 4 0
v 5 0
v 6 0
v 7 0
v 8 1
v 9 0
e 0 2 0 0.487
e 0 3 1 0.380
e 0 4 1 0.421
e 1 5 0 0.400
e 1 6 0 0.432
e 2 7 0 0.384
e 3 7 0 0.384
e 4 8 0 0.398
e 7 9 0 0.340
t # 311
v 0 0
v 1 1
v 2 0
v 3 1
v 4 0
v 5 0
v 6 1
v 7 0
v 8 0
v 9 0
e 0 7 0 0.408
e 0 8 0 0.371
e 1 2 0 0.440
e 2 3 0 0.461
e 2 4 0 0.466
e 3 4 1 0.372
e 4 9 0 0.366
e 6 9 0 0.483
e 6 8 0 0.484
t # 312
v 0 0
v 1 0
v 2 2
v 3 1
v 4 2
v 5 1
v 6 0
v 7 0
v 8 0
v 9 0
v 10 0
v 11 11
e 0 5 0 0.382
e 1 2 0 0.390
e 1 3 0 0.409
e 1 4 0 0.371
e 2 6 1 0.380
e 3 6 0 0.317
e 3 7 0 0.357
e 4 6 1 0.437
e 5 6 1 0.380
t # 313
v 0 0
v 1 2
v 2 0
v 3 0
v 4 0
v 5 0
v 6 0
v 7 0
v 8 0
v 9 0
e 0 4 1 0.306
e 1 2 0 0.509
e 1 3 1 0.397
e 2 7 1 0.471
e 2 4 0 0.385
e 2 8 1 0.425
e 3 4 0 0.492
e 4 6 0 0.481
e 7 9 0 0.345
t # 314
v 0 5
v 1 1
v 2 1
v 3 0
v 4 0
v 5 0
v 6 0
v 7 0
v 8 0
v 9 0
e 0 4 1 0.327
e 0 5 0 0.413
e 0 6 1 0.383
e 0 7 1 0.463
e 1 2 1 0.490
e 2 3 0 0.430
e 3 9 0 0.394
e 5 9 1 0.400
t # 315
v 0 1
v 1 0
v 2 0
v 3 0
v 4 0
v 5 0
v 6 5
v 7 0
v 8 0
v 9 0
e 0 5 1 0.342
e 1 2 1 0.276
e 1 3 0 0.393
e 1 4 0 0.458
e 2 4 1 0.440
e 2 5 0 0.379
e 2 6 0 0.364
e 3 7 1 0.425
e 3 8 0 0.406
e 3 9 0 0.366
e 5 7 0 0.452
e 6 8 0 0.339
t # 316
v 0 0
v 1 0
v 2 1
v 3 0
v 4 1
v 5 0
v 6 0
v 7 0
v 8 0
v 9 0
e 0 5 0 0.478
e 1 2 0 0.437
e 1 3 1 0.434
e 1 4 0 0.398
e 2 4 0 0.396
e 3 8 1 0.366
e 3 5 0 0.350
e 3 9 1 0.410
e 4 7 0 0.390
e 5 6 0 0.410
t # 317
v 0 0
v 1 0
v 2 5
v 3 0
v 4 0
v 5 5
v 6 0
v 7 0
v 8 0
v 9 0
e 0 2 1 0.314
e 0 3 1 0.338
e 0 4 0 0.398
e 1 6 0 0.363
e 1 4 0 0.416
e 1 7 1 0.371
e 2 3 1 0.334
e 3 6 1 0.367
e 5 8 0 0.399
t # 318
v 0 2
v 1 0
v 2 0
v 3 2
v 4 0
v 5 2
v 6 2
v 7 0
v 8 2
v 9 0
e 0 2 0 0.388
e 0 3 0 0.391
e 1 4 0 0.389
e 1 5 0 0.333
e 3 4 0 0.464
e 3 5 0 0.396
e 5 8 0 0.466
e 5 9 1 0.320
t # 319
v 0 1
v 1 0
v 2 0
v 3 0
v 4 0
v 5 0
v 6 2
v 7 0
v 8 0
v 9 0
e 0 3 0 0.415
e 1 2 1 0.447
e 1 3 0 0.367
e 2 6 1 0.344
e 2 7 0 0.413
e 2 8 0 0.447
e 3 4 1 0.348
e 3 5 0 0.455
e 4 9 0 0.310
t # 320
v 0 0
v 1 0
v 2 0
v 3 1
v 4 0
v 5 0
v 6 0
v 7 0
v 8 0
v 9 0
e 0 3 0 0.318
e 1 2 0 0.421
e 2 4 0 0.355
e 2 5 0 0.406
e 2 6 0 0.441
e 4 8 1 0.367
e 5 9 0 0.336
e 8 9 0 0.374
t # 321
v 0 0
v 1 0
v 2 0
v 3 5
v 4 0
v 5 1
v 6 1
v 7 1
v 8 0
v 9 0
e 0 8 0 0.374
e 0 4 0 0.434
e 1 2 0 0.375
e 1 3 1 0.404
e 1 4 0 0.460
e 4 5 1 0.464
e 4 6 1 0.489
e 4 7 1 0.461
e 5 9 0 0.437
t # 322
v 0 0
v 1 2
v 2 0
v 3 0
v 4 0
v 5 0
v 6 0
v 7 1
v 8 0
v 9 0
e 0 2 0 0.286
e 0 3 1 0.383
e 2 5 0 0.321
e 2 6 0 0.312
e 3 4 0 0.441
e 6 7 0 0.321
e 6 8 0 0.511
e 6 9 0 0.432
t # 323
v 0 0
v 1 0
v 2 1
v 3 0
v 4 0
v 5 2
v 6 0
v 7 1
v 8 0
v 9 0
v 10 0
e 0 7 0 0.400
e 0 5 1 0.478
e 0 8 1 0.268
e 1 2 0 0.399
e 1 3 0 0.432
e 2 3 0 0.327
e 2 4 0 0.398
e 3 4 1 0.401
e 3 5 1 0.458
e 4 8 0 0.362
e 6 7 0 0.423
t # 324
v 0 0
v 1 0
v 2 1
v 3 0
v 4 0
v 5 0
v 6 0
v 7 0
v 8 0
v 9 0
e 0 3 1 0.378
e 0 1 0 0.473
e 0 4 0 0.454
e 1 2 0 0.423
e 3 6 0 0.415
e 3 4 1 0.325
e 3 7 1 0.432
e 5 8 1 0.395
e 5 6 0 0.374
e 6 7 1 0.311
e 6 8 1 0.422
t # 325
v 0 0
v 1 1
v 2 0
v 3 0
v 4 0
v 5 1
v 6 1
v 7 2
v 8 0
v 9 7
e 0 5 0 0.385
e 0 6 0 0.286
e 0 7 1 0.372
e 1 2 0 0.466
e 1 3 0 0.356
e 2 3 0 0.477
e 5 8 0 0.472
e 6 9 0 0.418
t # 326
v 0 0
v 1 0
v 2 0
v 3 0
v 4 0
v 5 0
v 6 0
v 7 0
v 8 0
v 9 1
e 0 2 0 0.389
e 1 3 0 0.433
e 1 2 0 0.349
e 1 4 0 0.382
e 2 7 1 0.339
e 2 8 0 0.429
e 4 8 1 0.289
e 4 9 0 0.434
e 6 7 1 0.499
t # 327
v 0 0
v 1 8
v 2 0
v 3 5
v 4 0
v 5 0
v 6 0
v 7 0
v 8 0
v 9 0
e 0 2 1 0.413
e 0 3 0 0.426
e 0 4 0 0.404
e 2 5 1 0.481
e 2 6 0 0.326
e 5 7 1 0.371
e 6 8 1 0.481
e 7 8 0 0.326
e 7 9 0 0.460
t # 328
v 0 1
v 1 1
v 2 1
v 3 1
v 4 0
v 5 0
v 6 0
v 7 0
v 8 1
v 9 0
e 0 3 0 0.351
e 1 2 0 0.368
e 2 3 0 0.467
e 5 6 0 0.387
e 5 7 0 0.328
e 5 8 1 0.384
e 8 9 0 0.278
t # 329
v 0 2
v 1 0
v 2 0
v 3 0
v 4 0
v 5 2
v 6 2
v 7 0
v 8 0
v 9 0
e 0 2 0 0.355
e 0 3 0 0.349
e 1 3 1 0.405
e 1 4 0 0.419
e 2 4 0 0.320
e 3 5 0 0.414
e 3 6 0 0.418
e 5 6 1 0.378
e 6 7 0 0.347
e 7 8 0 0.481
e 7 9 0 0.401
e 8 9 0 0.418
t # 330
v 0 0
v 1 0
v 2 0
v 3 0
v 4 0
v 5 0
v 6 0
v 7 0
v 8 0
v 9 2
v 10 2
v 11 0
v 12 2
v 13 1
v 14 1
e 0 1 0 0.412
e 0 5 1 0.483
e 0 9 0 0.401
e 1 2 0 0.416
e 1 12 0 0.466
e 2 3 1 0.343
e 3 4 0 0.371
e 4 5 1 0.366
e 5 10 0 0.352
e 6 7 1 0.424
e 6 14 1 0.420
e 6 12 1 0.476
e 7 8 0 0.395
e 8 13 0 0.364
e 8 9 0 0.437
e 9 11 0 0.402
e 10 11 0 0.512
t # 331
v 0 0
v 1 0
v 2 0
v 3 0
v 4 0
v 5 0
v 6 3
v 7 0
v 8 0
v 9 5
e 0 4 0 0.343
e 0 5 1 0.417
e 0 6 0 0.312
e 1 2 0 0.404
e 1 3 0 0.441
e 2 4 1 0.352
e 2 8 1 0.422
e 2 9 0 0.370
e 3 9 1 0.334
e 5 7 1 0.352
e 8 9 0 0.370
t # 332
v 0 0
v 1 4
v 2 0
v 3 0
v 4 0
v 5 1
v 6 0
v 7 0
v 8 2
v 9 1
e 0 3 0 0.394
e 0 4 0 0.465
e 1 2 0 0.432
e 2 3 0 0.407
e 2 4 0 0.462
e 3 7 1 0.371
e 5 6 0 0.336
e 6 7 1 0.395
e 6 8 0 0.428
e 6 9 1 0.390
t # 333
v 0 0
v 1 1
v 2 0
v 3 0
v 4 0
v 5 0
v 6 0
v 7 0
v 8 2
v 9 0
e 0 4 1 0.449
e 0 5 0 0.438
e 0 6 1 0.417
e 1 2 1 0.387
e 2 8 0 0.490
e 2 9 0 0.411
e 4 7 0 0.428
e 5 7 1 0.468
t # 334
v 0 0
v 1 2
v 2 0
v 3 0
v 4 1
v 5 1
v 6 7
v 7 1
v 8 1
v 9 1
e 0 4 0 0.482
e 0 5 0 0.484
e 0 1 0 0.506
e 1 2 0 0.342
e 1 3 0 0.400
e 2 5 0 0.437
e 3 6 0 0.472
e 3 7 0 0.512
e 4 5 0 0.438
e 5 6 0 0.492
e 6 7 1 0.359
e 6 8 1 0.329
e 6 9 0 0.374
t # 335
v 0 0
v 1 0
v 2 0
v 3 0
v 4 0
v 5 0
v 6 0
v 7 0
v 8 0
v 9 2
e 0 4 0 0.438
e 0 3 0 0.343
e 1 2 1 0.472
e 1 3 0 0.417
e 1 4 0 0.286
e 3 5 0 0.401
e 3 6 1 0.343
e 4 9 0 0.464
e 6 7 1 0.443
e 8 9 1 0.314
t # 336
v 0 0
v 1 0
v 2 0
v 3 1
v 4 0
v 5 2
v 6 0
v 7 0
v 8 0
v 9 1
e 0 7 0 0.297
e 1 2 1 0.401
e 1 3 0 0.400
e 1 4 1 0.460
e 2 6 1 0.415
e 2 7 0 0.403
e 2 8 0 0.334
e 3 5 1 0.335
e 3 6 0 0.376
e 5 6 1 0.415
e 5 7 0 0.403
e 5 8 0 0.334
e 6 9 0 0.321
t # 337
v 0 0
v 1 0
v 2 0
v 3 5
v 4 3
v 5 0
v 6 0
v 7 0
v 8 1
v 9 0
e 0 4 0 0.403
e 0 5 0 0.444
e 0 6 1 0.378
e 1 2 0 0.444
e 1 3 0 0.362
e 2 3 1 0.324
e 2 4 0 0.437
e 3 5 0 0.385
e 4 6 0 0.455
e 5 8 0 0.380
e 5 9 0 0.371
e 7 8 0 0.427
t # 338
v 0 0
v 1 0
v 2 0
v 3 2
v 4 0
v 5 0
v 6 2
v 7 0
v 8 0
v 9 1
e 0 2 1 0.331
e 0 3 1 0.429
e 1 4 1 0.382
e 1 5 0 0.469
e 1 6 0 0.433
e 2 3 0 0.437
e 2 7 0 0.378
e 4 7 0 0.402
e 5 9 0 0.367
e 6 7 1 0.325
e 6 8 1 0.443
t # 339
v 0 0
v 1 0
v 2 2
v 3 0
v 4 0
v 5 0
v 6 0
v 7 0
v 8 0
v 9 0
e 0 5 1 0.304
e 0 2 0 0.415
e 0 6 0 0.400
e 1 2 0 0.485
e 1 3 1 0.418
e 1 4 0 0.389
e 2 9 1 0.454
e 4 7 0 0.405
e 5 6 1 0.507
e 8 9 1 0.454
t # 340
v 0 2
v 1 2
v 2 2
v 3 0
v 4 0
v 5 0
v 6 2
v 7 0
v 8 0
v 9 0
e 0 2 0 0.362
e 1 2 1 0.461
e 1 6 1 0.394
e 3 4 0 0.411
e 4 6 0 0.343
e 4 7 1 0.397
e 6 7 1 0.332
e 6 8 0 0.456
e 7 8 1 0.438
e 7 9 0 0.457
t # 341
v 0 1
v 1 0
v 2 1
v 3 1
v 4 0
v 5 0
v 6 0
v 7 0
v 8 0
v 9 0
e 0 1 0 0.388
e 0 2 0 0.422
e 1 6 0 0.436
e 5 6 0 0.433
e 6 7 0 0.398
e 6 8 1 0.436
e 6 9 0 0.400
t # 342
v 0 0
v 1 1
v 2 0
v 3 0
v 4 2
v 5 0
v 6 0
v 7 0
v 8 0
v 9 5
e 0 2 0 0.382
e 0 3 0 0.468
e 0 4 0 0.404
e 0 5 0 0.427
e 1 9 1 0.466
e 4 6 0 0.392
e 4 7 1 0.350
e 5 9 0 0.431
e 7 8 0 0.299
e 7 9 1 0.444
t # 343
v 0 0
v 1 0
v 2 0
v 3 0
v 4 2
v 5 0
v 6 0
v 7 0
v 8 0
v 9 5
e 0 4 1 0.366
e 1 2 1 0.425
e 1 3 0 0.447
e 1 4 0 0.389
e 2 3 0 0.402
e 2 4 0 0.396
e 2 5 0 0.394
e 3 5 1 0.392
e 3 6 0 0.388
e 3 7 1 0.446
e 5 8 1 0.419
e 5 9 1 0.356
t # 344
v 0 0
v 1 0
v 2 2
v 3 2
v 4 1
v 5 0
v 6 0
v 7 2
v 8 0
v 9 1
e 0 2 0 0.411
e 1 2 0 0.402
e 1 3 0 0.435
e 1 4 0 0.341
e 2 5 0 0.446
e 2 6 0 0.417
e 2 7 0 0.468
e 6 8 0 0.446
e 6 9 0 0.437
e 7 8 0 0.417
t # 345
v 0 0
v 1 1
v 2 0
v 3 0
v 4 0
v 5 0
v 6 0
v 7 0
v 8 0
v 9 0
v 10 0
e 0 4 0 0.334
e 0 5 0 0.415
e 0 6 1 0.449
e 1 2 1 0.348
e 1 3 0 0.397
e 2 3 0 0.384
e 2 4 0 0.389
e 4 7 0 0.447
e 6 7 0 0.420
t # 346
v 0 0
v 1 1
v 2 0
v 3 0
v 4 0
v 5 0
v 6 1
v 7 0
v 8 0
v 9 0
e 0 2 0 0.331
e 0 3 0 0.343
e 0 4 1 0.461
e 1 3 0 0.441
e 1 5 0 0.402
e 2 3 0 0.476
e 2 4 0 0.411
e 3 9 0 0.405
e 4 7 0 0.422
e 4 8 0 0.450
t # 347
v 0 2
v 1 1
v 2 0
v 3 1
v 4 0
v 5 1
v 6 0
v 7 1
v 8 0
v 9 0
e 0 8 0 0.413
e 1 2 0 0.347
e 2 4 0 0.388
e 2 5 0 0.366
e 2 6 1 0.402
e 4 7 0 0.349
e 4 8 0 0.342
e 5 7 0 0.387
e 7 8 0 0.359
t # 348
v 0 1
v 1 1
v 2 1
v 3 0
v 4 0
v 5 0
v 6 0
v 7 0
v 8 0
v 9 0
e 0 2 1 0.352
e 0 3 0 0.280
e 1 4 0 0.423
e 1 3 0 0.476
e 2 3 0 0.402
e 4 6 1 0.438
e 8 9 0 0.511
t # 349
v 0 0
v 1 0
v 2 0
v 3 0
v 4 0
v 5 0
v 6 0
v 7 0
v 8 1
v 9 3
e 0 2 0 0.335
e 1 6 0 0.471
e 1 7 1 0.400
e 1 8 1 0.427
e 2 3 0 0.451
e 3 7 0 0.376
e 4 6 0 0.424
e 4 7 0 0.438
e 5 6 1 0.355
e 6 7 0 0.363
t # 350
v 0 1
v 1 1
v 2 0
v 3 0
v 4 0
v 5 1
v 6 0
v 7 0
v 8 0
v 9 1
e 0 2 1 0.499
e 1 5 1 0.421
e 2 3 0 0.414
e 2 4 0 0.324
e 2 5 0 0.403
e 3 6 0 0.379
e 3 7 0 0.436
e 3 8 1 0.448
e 4 6 1 0.425
e 4 7 1 0.452
t # 351
v 0 0
v 1 0
v 2 0
v 3 2
v 4 0
v 5 0
v 6 0
v 7 0
v 8 0
v 9 2
e 0 4 0 0.448
e 0 5 0 0.350
e 1 2 0 0.341
e 1 3 0 0.429
e 2 6 0 0.437
e 2 3 0 0.467
e 3 4 1 0.274
e 5 6 0 0.395
t # 352
v 0 0
v 1 1
v 2 2
v 3 0
v 4 1
v 5 0
v 6 0
v 7 1
v 8 0
v 9 2
e 0 2 0 0.353
e 0 3 1 0.397
e 0 4 0 0.417
e 2 9 0 0.430
e 3 5 0 0.402
e 3 6 1 0.406
e 4 5 1 0.381
e 4 6 0 0.378
e 5 7 0 0.483
t # 353
v 0 0
v 1 0
v 2 0
v 3 0
v 4 0
v 5 0
v 6 0
v 7 0
v 8 0
v 9 0
e 1 2 0 0.367
e 1 3 0 0.450
e 2 5 0 0.341
e 2 6 0 0.399
e 2 7 0 0.436
e 5 8 0 0.460
e 5 9 0 0.422
t # 354
v 0 0
v 1 0
v 2 0
v 3 0
v 4 0
v 5 5
v 6 0
v 7 1
v 8 1
v 9 1
e 0 2 0 0.395
e 0 3 1 0.534
e 1 4 0 0.447
e 3 4 0 0.377
e 3 5 0 0.422
e 5 6 0 0.400
e 6 7 0 0.468
e 6 8 1 0.359
e 6 9 1 0.383
t # 355
v 0 0
v 1 0
v 2 0
v 3 0
v 4 0
v 5 1
v 6 0
v 7 0
v 8 0
v 9 0
e 0 2 0 0.339
e 0 3 0 0.448
e 0 4 1 0.470
e 1 5 0 0.367
e 1 6 0 0.387
e 1 7 0 0.453
e 2 5 1 0.369
e 3 5 0 0.474
e 4 6 0 0.473
e 4 7 0 0.335
e 4 8 0 0.417
e 5 9 0 0.325
t # 356
v 0 1
v 1 0
v 2 0
v 3 2
v 4 0
v 5 0
v 6 0
v 7 0
v 8 0
v 9 1
e 0 1 0 0.494
e 1 2 0 0.379
e 1 3 0 0.438
e 2 3 0 0.327
e 2 4 1 0.559
e 2 5 0 0.417
e 2 6 0 0.372
e 3 4 0 0.430
e 3 5 1 0.376
e 4 9 0 0.440
t # 357
v 0 0
v 1 0
v 2 0
v 3 1
v 4 0
v 5 0
v 6 0
v 7 0
v 8 0
v 9 0
e 0 2 0 0.442
e 0 3 0 0.308
e 0 4 1 0.399
e 1 5 1 0.398
e 1 6 0 0.339
e 1 7 1 0.362
e 7 8 0 0.427
e 7 9 0 0.464
t # 358
v 0 0
v 1 0
v 2 0
v 3 1
v 4 0
v 5 1
v 6 1
v 7 0
v 8 0
v 9 0
e 0 7 0 0.362
e 0 8 0 0.368
e 1 2 0 0.439
e 1 3 0 0.364
e 1 4 0 0.376
e 2 4 0 0.355
e 2 5 0 0.339
e 3 5 0 0.320
e 3 6 1 0.364
e 4 8 0 0.369
e 5 7 0 0.452
e 6 7 0 0.402
e 7 8 0 0.462
t # 359
v 0 0
v 1 0
v 2 0
v 3 0
v 4 0
v 5 1
v 6 0
v 7 0
v 8 0
v 9 0
e 0 2 0 0.413
e 1 2 0 0.424
e 2 8 0 0.281
e 3 4 1 0.430
e 3 5 0 0.362
e 3 6 0 0.443
e 4 8 0 0.428
e 4 9 0 0.398
e 5 8 0 0.428
e 5 9 0 0.398
e 6 7 0 0.343
t # 360
v 0 1
v 1 0
v 2 5
v 3 0
v 4 1
v 5 2
v 6 0
v 7 0
v 8 0
v 9 0
e 0 2 0 0.440
e 2 4 0 0.478
e 3 5 0 0.466
e 3 6 0 0.430
e 3 7 0 0.388
e 6 9 1 0.386
e 7 8 1 0.375
t # 361
v 0 5
v 1 2
v 2 1
v 3 0
v 4 0
v 5 0
v 6 0
v 7 0
v 8 0
v 9 0
e 0 3 0 0.355
e 1 2 1 0.434
e 1 3 0 0.495
e 2 5 0 0.458
e 3 7 0 0.437
e 3 8 0 0.461
e 4 5 0 0.439
e 4 6 1 0.388
e 5 7 1 0.338
t # 362
v 0 3
v 1 0
v 2 2
v 3 0
v 4 0
v 5 0
v 6 2
v 7 0
v 8 2
v 9 0
e 0 3 0 0.339
e 1 2 1 0.379
e 3 4 0 0.382
e 3 5 1 0.372
e 4 5 0 0.406
e 6 9 1 0.405
t # 363
v 0 0
v 1 2
v 2 0
v 3 0
v 4 2
v 5 2
v 6 0
v 7 0
v 8 0
v 9 1
e 0 2 0 0.385
e 0 3 0 0.476
e 0 4 0 0.411
e 1 4 1 0.380
e 2 3 0 0.441
e 3 5 1 0.285
e 4 5 1 0.397
e 4 6 0 0.462
t # 364
v 0 0
v 1 1
v 2 0
v 3 0
v 4 0
v 5 1
v 6 0
v 7 2
v 8 1
v 9 2
e 0 2 0 0.504
e 0 3 0 0.393
e 0 4 1 0.373
e 1 5 0 0.323
e 1 2 0 0.433
e 2 3 0 0.377
e 2 4 0 0.353
e 3 5 1 0.453
e 4 7 0 0.328
e 4 8 0 0.326
e 4 9 0 0.472
t # 365
v 0 0
v 1 2
v 2 0
v 3 5
v 4 0
v 5 0
v 6 0
v 7 1
v 8 1
v 9 1
e 0 2 1 0.356
e 0 3 1 0.396
e 0 4 0 0.263
e 3 6 1 0.405
e 3 7 0 0.447
e 3 8 1 0.375
e 3 9 1 0.377
t # 366
v 0 0
v 1 1
v 2 0
v 3 0
v 4 2
v 5 0
v 6 0
v 7 0
v 8 0
v 9 2
e 0 2 1 0.335
e 0 3 0 0.397
e 0 4 0 0.375
e 1 5 0 0.349
e 1 6 0 0.474
e 2 5 0 0.349
e 2 6 0 0.474
e 3 9 0 0.349
e 3 4 1 0.262
t # 367
v 0 0
v 1 0
v 2 0
v 3 0
v 4 0
v 5 0
v 6 0
v 7 0
v 8 5
v 9 0
v 10 0
v 11 0
e 0 4 0 0.413
e 0 3 0 0.352
e 0 5 0 0.360
e 1 2 0 0.392
e 1 3 0 0.389
e 2 4 1 0.355
e 2 5 1 0.406
e 3 8 0 0.452
e 4 5 0 0.486
e 4 6 0 0.376
e 4 7 0 0.423
e 5 6 1 0.375
e 6 8 0 0.397
t # 368
v 0 0
v 1 0
v 2 2
v 3 0
v 4 0
v 5 0
v 6 0
v 7 0
v 8 0
v 9 0
e 0 2 0 0.418
e 0 3 0 0.372
e 1 3 0 0.444
e 1 4 0 0.356
e 3 5 1 0.274
e 4 6 0 0.415
e 4 7 0 0.427
e 5 8 0 0.452
e 5 9 0 0.427
e 6 8 0 0.452
e 6 9 0 0.427
t # 369
v 0 2
v 1 0
v 2 0
v 3 0
v 4 0
v 5 1
v 6 0
v 7 0
v 8 0
v 9 0
e 0 3 0 0.422
e 0 4 0 0.425
e 1 2 0 0.332
e 1 3 0 0.420
e 2 6 0 0.403
e 3 6 0 0.427
e 4 5 0 0.383
e 4 6 1 0.436
e 5 8 0 0.379
e 8 9 0 0.462
t # 370
v 0 1
v 1 0
v 2 2
v 3 0
v 4 0
v 5 0
v 6 1
v 7 0
v 8 0
v 9 0
e 1 2 0 0.343
e 1 3 0 0.399
e 2 4 0 0.446
e 2 5 0 0.402
e 5 6 0 0.446
e 5 7 0 0.322
e 5 8 0 0.379
e 6 9 1 0.369
e 8 9 0 0.527
t # 371
v 0 0
v 1 0
v 2 0
v 3 2
v 4 0
v 5 0
v 6 0
v 7 1
v 8 0
v 9 0
e 0 3 1 0.346
e 0 4 0 0.534
e 0 5 0 0.419
e 1 2 0 0.425
e 2 3 0 0.362
e 2 4 0 0.466
e 2 5 1 0.320
e 3 6 0 0.429
e 4 5 0 0.329
e 4 6 1 0.366
e 5 8 0 0.379
e 6 7 1 0.449
e 7 9 0 0.502
t # 372
v 0 0
v 1 0
v 2 3
v 3 1
v 4 0
v 5 0
v 6 0
v 7 0
v 8 0
v 9 1
e 0 2 0 0.360
e 0 1 0 0.411
e 0 3 0 0.404
e 1 3 0 0.352
e 2 6 0 0.510
e 3 4 0 0.330
e 5 9 0 0.361
e 6 8 0 0.363
e 6 7 1 0.435
t # 373
v 0 0
v 1 0
v 2 0
v 3 0
v 4 1
v 5 0
v 6 1
v 7 0
v 8 0
v 9 0
e 0 4 1 0.421
e 0 5 1 0.421
e 0 6 0 0.343
e 1 2 1 0.478
e 1 3 0 0.463
e 2 8 0 0.408
e 2 9 1 0.463
e 2 5 0 0.365
e 3 4 0 0.362
e 4 5 1 0.316
e 5 7 1 0.407
e 5 8 0 0.383
t # 374
v 0 0
v 1 1
v 2 1
v 3 1
v 4 1
v 5 2
v 6 0
v 7 0
v 8 0
v 9 0
e 0 3 0 0.373
e 0 4 0 0.361
e 0 5 0 0.473
e 1 2 1 0.238
e 3 5 0 0.329
e 4 7 1 0.468
e 6 8 0 0.385
e 6 9 0 0.456
t # 375
v 0 1
v 1 2
v 2 1
v 3 0
v 4 0
v 5 0
v 6 0
v 7 0
v 8 0
v 9 0
e 0 4 0 0.385
e 1 2 1 0.371
e 1 3 1 0.371
e 1 4 0 0.433
e 3 5 1 0.399
e 4 6 1 0.395
e 4 7 0 0.447
e 5 8 1 0.456
e 5 7 1 0.362
e 6 7 0 0.424
e 7 8 0 0.424
t # 376
v 0 2
v 1 0
v 2 0
v 3 0
v 4 3
v 5 0
v 6 0
v 7 0
v 8 0
v 9 5
e 0 2 1 0.327
e 0 3 0 0.396
e 0 4 0 0.386
e 1 5 0 0.394
e 1 2 1 0.411
e 2 3 0 0.427
e 2 4 1 0.505
e 2 5 1 0.386
e 3 6 0 0.415
e 4 5 0 0.353
e 5 6 0 0.406
t # 377
v 0 5
v 1 0
v 2 0
v 3 1
v 4 0
v 5 0
v 6 1
v 7 0
v 8 1
v 9 1
e 0 2 1 0.274
e 0 3 0 0.383
e 0 4 1 0.475
e 0 5 1 0.404
e 1 4 1 0.488
e 1 5 0 0.440
e 1 6 0 0.386
e 3 7 1 0.349
e 6 7 0 0.384
t # 378
v 0 1
v 1 3
v 2 0
v 3 0
v 4 1
v 5 0
v 6 0
v 7 0
v 8 0
v 9 1
e 0 2 1 0.384
e 1 7 1 0.485
e 2 5 1 0.426
e 3 5 0 0.376
e 4 6 0 0.432
e 5 6 1 0.381
e 6 7 0 0.477
e 6 8 0 0.424
e 7 8 1 0.428
e 7 9 1 0.299
t # 379
v 0 0
v 1 0
v 2 1
v 3 0
v 4 0
v 5 0
v 6 1
v 7 0
v 8 1
v 9 7
e 0 2 0 0.381
e 1 4 0 0.436
e 2 3 0 0.434
e 3 6 0 0.427
e 6 9 0 0.457
e 8 9 0 0.417
t # 380
v 0 5
v 1 0
v 2 0
v 3 0
v 4 1
v 5 1
v 6 0
v 7 0
v 8 2
v 9 0
e 0 2 1 0.442
e 0 3 0 0.504
e 0 4 1 0.350
e 0 5 1 0.396
e 2 7 0 0.452
e 2 8 1 0.379
e 3 9 0 0.352
e 4 6 1 0.389
e 5 6 0 0.304
e 7 8 0 0.389
t # 381
v 0 0
v 1 0
v 2 0
v 3 2
v 4 2
v 5 0
v 6 1
v 7 1
v 8 0
v 9 0
e 0 6 0 0.425
e 0 7 0 0.442
e 1 2 0 0.429
e 2 3 1 0.342
e 3 4 0 0.406
e 3 5 0 0.440
e 4 5 0 0.522
e 4 9 1 0.389
e 7 9 0 0.455
e 8 9 0 0.367
t # 382
v 0 3
v 1 0
v 2 0
v 3 0
v 4 0
v 5 0
v 6 0
v 7 0
v 8 2
v 9 2
e 1 2 0 0.346
e 1 3 1 0.346
e 2 4 0 0.441
e 2 5 1 0.423
e 3 8 0 0.429
e 3 9 1 0.309
e 4 6 0 0.345
e 4 7 0 0.458
e 7 9 0 0.334
t # 383
v 0 0
v 1 1
v 2 0
v 3 1
v 4 1
v 5 0
v 6 0
v 7 0
v 8 0
v 9 0
e 0 2 0 0.418
e 0 3 0 0.361
e 0 4 1 0.368
e 1 2 0 0.392
e 3 5 0 0.352
e 3 6 0 0.433
e 5 7 0 0.368
e 7 8 0 0.368
e 7 9 0 0.316
t # 384
v 0 1
v 1 1
v 2 0
v 3 5
v 4 0
v 5 1
v 6 0
v 7 1
v 8 1
v 9 1
e 0 2 1 0.370
e 1 5 0 0.384
e 2 3 0 0.415
e 2 4 0 0.334
e 3 6 1 0.379
e 3 7 1 0.411
e 3 8 1 0.432
e 3 9 1 0.387
e 4 6 0 0.377
e 4 8 0 0.433
t # 385
v 0 0
v 1 3
v 2 0
v 3 0
v 4 0
v 5 0
v 6 5
v 7 0
v 8 0
v 9 1
e 0 6 0 0.410
e 0 7 0 0.403
e 1 2 1 0.401
e 2 9 0 0.386
e 2 3 0 0.395
e 4 6 1 0.323
e 5 7 0 0.355
e 5 8 0 0.373
t # 386
v 0 0
v 1 0
v 2 0
v 3 0
v 4 0
v 5 0
v 6 1
v 7 0
v 8 0
v 9 0
e 0 6 0 0.391
e 0 2 1 0.458
e 1 2 1 0.457
e 1 3 0 0.482
e 1 4 0 0.391
e 2 3 0 0.422
e 4 9 0 0.471
e 6 8 1 0.420
t # 387
v 0 0
v 1 0
v 2 0
v 3 0
v 4 0
v 5 0
v 6 0
v 7 0
v 8 3
v 9 5
e 0 4 0 0.419
e 0 5 1 0.474
e 0 6 0 0.461
e 1 2 0 0.371
e 1 3 0 0.403
e 2 6 1 0.417
e 3 7 1 0.373
e 3 8 1 0.451
e 6 9 0 0.337
t # 388
v 0 0
v 1 1
v 2 7
v 3 0
v 4 0
v 5 0
v 6 2
v 7 0
v 8 0
v 9 0
e 0 7 0 0.382
e 0 8 0 0.415
e 1 2 0 0.371
e 1 3 0 0.500
e 2 4 0 0.405
e 2 5 0 0.453
e 2 6 0 0.383
e 8 9 0 0.415
t # 389
v 0 1
v 1 0
v 2 0
v 3 0
v 4 0
v 5 2
v 6 1
v 7 2
v 8 2
v 9 0
e 0 2 0 0.435
e 1 3 1 0.451
e 1 4 0 0.329
e 1 5 1 0.354
e 2 8 0 0.387
e 2 9 0 0.403
e 3 6 0 0.365
e 3 4 0 0.411
e 4 5 0 0.307
e 4 6 0 0.425
e 6 7 1 0.341
t # 390
v 0 0
v 1 1
v 2 0
v 3 0
v 4 1
v 5 0
v 6 0
v 7 0
v 8 0
v 9 0
e 0 2 0 0.331
e 0 3 0 0.372
e 0 4 0 0.447
e 1 7 0 0.434
e 1 8 0 0.410
e 2 7 1 0.428
e 2 9 0 0.326
e 3 7 1 0.428
e 3 9 0 0.326
e 4 5 1 0.404
e 4 6 0 0.322
t # 391
v 0 5
v 1 2
v 2 0
v 3 1
v 4 1
v 5 1
v 6 0
v 7 0
v 8 0
v 9 0
e 0 2 0 0.358
e 0 3 1 0.405
e 0 4 1 0.386
e 0 5 1 0.296
e 2 8 0 0.446
e 2 9 0 0.360
e 3 6 1 0.474
e 3 7 0 0.312
t # 392
v 0 0
v 1 0
v 2 0
v 3 0
v 4 1
v 5 0
v 6 0
v 7 0
v 8 1
v 9 0
e 0 2 0 0.354
e 0 3 1 0.435
e 0 4 0 0.402
e 1 4 0 0.471
e 2 6 1 0.405
e 2 7 0 0.443
e 3 4 0 0.418
e 3 5 0 0.369
e 4 6 1 0.413
e 5 9 0 0.306
t # 393
v 0 0
v 1 0
v 2 0
v 3 0
v 4 2
v 5 1
v 6 0
v 7 1
v 8 0
v 9 0
v 10 0
e 0 5 0 0.454
e 1 2 0 0.415
e 1 3 1 0.328
e 2 3 0 0.473
e 2 4 0 0.395
e 3 6 0 0.323
e 3 7 0 0.351
t # 394
v 0 2
v 1 0
v 2 0
v 3 1
v 4 5
v 5 0
v 6 3
v 7 0
v 8 0
v 9 1
e 0 2 0 0.429
e 0 3 1 0.411
e 1 4 0 0.361
e 2 6 0 0.467
e 2 7 1 0.385
e 3 5 0 0.356
t # 395
v 0 2
v 1 1
v 2 0
v 3 2
v 4 0
v 5 0
v 6 5
v 7 0
v 8 0
v 9 0
e 0 2 0 0.479
e 0 3 1 0.365
e 1 6 0 0.444
e 2 4 0 0.352
e 3 4 1 0.417
e 3 9 0 0.444
e 4 5 1 0.446
e 6 7 0 0.424
e 6 8 1 0.457
e 7 9 1 0.391
t # 396
v 0 0
v 1 0
v 2 3
v 3 0
v 4 0
v 5 0
v 6 0
v 7 0
v 8 1
v 9 2
e 0 2 0 0.419
e 0 4 0 0.363
e 0 5 1 0.365
e 1 2 1 0.355
e 1 3 0 0.425
e 3 6 1 0.401
e 3 7 0 0.383
e 7 8 0 0.368
e 7 9 0 0.458
t # 397
v 0 0
v 1 1
v 2 0
v 3 1
v 4 0
v 5 0
v 6 2
v 7 1
v 8 0
v 9 0
e 0 2 0 0.355
e 0 3 0 0.418
e 1 2 0 0.413
e 2 8 0 0.433
e 3 4 0 0.378
e 4 5 1 0.431
e 4 6 0 0.381
e 4 7 0 0.372
e 7 9 0 0.434
t # 398
v 0 0
v 1 0
v 2 0
v 3 2
v 4 2
v 5 0
v 6 0
v 7 0
v 8 2
v 9 0
e 0 2 1 0.343
e 0 3 0 0.358
e 1 6 0 0.362
e 1 7 0 0.395
e 1 8 0 0.417
e 2 4 0 0.490
e 2 5 0 0.459
e 3 5 0 0.417
e 3 7 1 0.392
e 4 5 1 0.390
e 5 9 0 0.498
e 6 7 1 0.425
e 7 9 0 0.393
