t # 0
v 0 1
v 1 0
v 2 0
v 3 0
v 4 0
v 5 1
v 6 0
v 7 0
v 8 0
v 9 0
e 0 5 0 0.758
e 1 2 0 0.766
e 2 3 0 0.788
e 2 4 0 0.868
e 3 7 0 0.875
e 3 8 0 0.910
e 4 5 0 0.813
e 4 6 0 0.726
e 4 7 1 0.999
e 5 9 0 0.852
e 6 9 0 0.816
t # 1
v 0 0
v 1 2
v 2 2
v 3 0
v 4 0
v 5 0
v 6 4
v 7 1
v 8 0
v 9 0
v 10 0
v 11 0
e 0 2 0 0.966
e 0 3 0 0.587
e 1 4 0 0.676
e 1 3 0 0.855
e 2 3 1 0.755
e 3 4 1 0.920
e 3 7 0 0.870
e 4 7 0 0.634
t # 2
v 0 0
v 1 0
v 2 6
v 3 1
v 4 0
v 5 0
v 6 1
v 7 0
v 8 0
v 9 0
e 0 3 0 0.801
e 0 4 0 0.653
e 0 5 0 0.735
e 1 2 0 0.717
e 2 3 0 0.825
e 3 4 0 0.999
e 3 5 0 0.693
e 4 5 0 0.831
e 6 9 0 0.957
e 8 9 0 0.906
t # 3
v 0 0
v 1 0
v 2 2
v 3 0
v 4 0
v 5 0
v 6 0
v 7 0
v 8 0
v 9 2
e 0 3 1 0.788
e 0 4 0 0.788
e 0 2 0 0.905
e 1 2 0 0.858
e 1 3 0 0.879
e 1 4 1 0.811
e 2 4 0 0.729
e 2 5 0 0.920
e 3 5 1 0.799
e 3 6 0 0.826
e 4 8 1 0.725
e 4 9 0 0.728
e 6 7 0 0.619
t # 4
v 0 5
v 1 0
v 2 0
v 3 0
v 4 0
v 5 0
v 6 0
v 7 1
v 8 0
v 9 0
e 0 1 0 0.620
e 1 3 1 0.833
e 1 4 1 0.692
e 2 4 0 0.701
e 3 4 1 0.711
e 3 5 0 0.734
e 3 6 0 0.608
e 4 6 0 0.783
e 4 7 0 0.706
e 5 7 1 0.792
t # 5
v 0 1
v 1 2
v 2 5
v 3 1
v 4 1
v 5 2
v 6 0
v 7 0
v 8 2
v 9 2
e 0 2 1 0.761
e 1 6 1 0.862
e 1 9 0 0.850
e 3 4 1 0.719
e 5 7 0 0.602
e 5 8 0 0.708
t # 6
v 0 1
v 1 1
v 2 0
v 3 0
v 4 11
v 5 2
v 6 0
v 7 1
v 8 0
v 9 0
v 10 0
v 11 0
e 0 3 0 0.772
e 1 2 0 0.868
e 2 3 0 0.687
e 2 4 0 0.659
e 2 5 0 0.750
e 3 11 0 0.999
e 4 6 0 0.918
e 6 8 0 0.784
e 9 11 0 0.999
e 10 11 0 0.999
t # 7
v 0 0
v 1 0
v 2 0
v 3 0
v 4 2
v 5 0
v 6 0
v 7 0
v 8 0
v 9 0
e 0 2 0 0.876
e 0 3 0 0.708
e 1 4 1 0.730
e 1 3 0 0.872
e 1 5 0 0.785
e 2 4 1 0.788
e 3 5 0 0.916
e 4 8 1 0.852
e 4 9 0 0.769
e 5 6 0 0.960
e 5 7 0 0.632
e 7 8 0 0.515
t # 8
v 0 0
v 1 0
v 2 0
v 3 0
v 4 2
v 5 2
v 6 0
v 7 0
v 8 1
v 9 1
e 0 1 0 0.890
e 0 8 0 0.938
e 0 7 0 0.743
e 1 2 0 0.782
e 3 6 0 0.901
e 4 7 1 0.858
e 4 8 0 0.791
e 4 6 0 0.800
e 5 8 0 0.840
e 6 9 0 0.713
t # 9
v 0 0
v 1 0
v 2 0
v 3 0
v 4 0
v 5 0
v 6 2
v 7 0
v 8 0
v 9 1
e 0 4 1 0.786
e 0 2 1 0.772
e 0 5 0 0.688
e 1 2 0 0.888
e 1 3 1 0.748
e 2 3 0 0.926
e 2 4 0 0.938
e 3 7 0 0.733
e 3 8 0 0.926
e 5 6 0 0.731
t # 10
v 0 0
v 1 0
v 2 0
v 3 0
v 4 0
v 5 0
v 6 0
v 7 1
v 8 2
v 9 0
e 0 2 1 0.896
e 0 3 0 0.909
e 1 2 0 0.682
e 2 6 0 0.867
e 2 7 1 0.677
e 2 8 0 0.897
e 3 9 0 0.753
e 5 8 0 0.708
t # 11
v 0 0
v 1 0
v 2 0
v 3 0
v 4 0
v 5 0
v 6 0
v 7 0
v 8 1
v 9 0
v 10 0
e 0 2 0 0.775
e 0 3 0 0.863
e 0 4 0 0.999
e 1 5 0 0.927
e 1 6 0 0.865
e 2 4 0 0.855
e 3 4 0 0.735
e 4 5 0 0.921
t # 12
v 0 0
v 1 1
v 2 0
v 3 0
v 4 1
v 5 0
v 6 0
v 7 2
v 8 0
v 9 0
e 0 2 0 0.700
e 0 3 0 0.862
e 1 6 0 0.732
e 2 3 0 0.797
e 2 4 0 0.663
e 3 8 0 0.761
e 3 9 0 0.716
e 4 5 0 0.863
e 4 6 1 0.938
e 5 7 0 0.704
e 5 6 0 0.911
t # 13
v 0 0
v 1 1
v 2 0
v 3 0
v 4 0
v 5 0
v 6 0
v 7 1
v 8 2
v 9 0
e 0 2 0 0.659
e 0 3 0 0.841
e 1 5 0 0.787
e 3 4 0 0.740
e 3 5 0 0.906
e 5 8 0 0.892
e 5 9 1 0.717
t # 14
v 0 0
v 1 0
v 2 0
v 3 0
v 4 0
v 5 0
v 6 0
v 7 0
v 8 1
v 9 0
e 0 2 0 0.859
e 0 3 1 0.725
e 1 3 1 0.982
e 2 6 0 0.836
e 2 7 1 0.970
e 3 4 1 0.998
e 3 5 0 0.794
e 7 8 0 0.836
e 7 9 0 0.695
t # 15
v 0 0
v 1 0
v 2 0
v 3 0
v 4 0
v 5 0
v 6 0
v 7 3
v 8 0
v 9 0
e 0 2 0 0.910
e 0 3 0 0.689
e 0 4 0 0.741
e 1 3 0 0.809
e 1 4 1 0.973
e 2 9 0 0.611
e 3 4 0 0.930
e 4 8 1 0.899
e 7 8 0 0.583
t # 16
v 0 11
v 1 0
v 2 0
v 3 0
v 4 0
v 5 0
v 6 0
v 7 1
v 8 1
v 9 0
e 0 2 0 0.799
e 1 2 0 0.808
e 3 4 0 0.926
e 3 5 0 0.999
e 6 7 0 0.823
e 6 8 0 0.796
e 6 9 1 0.937
t # 17
v 0 0
v 1 0
v 2 0
v 3 1
v 4 0
v 5 1
v 6 2
v 7 0
v 8 0
v 9 0
e 0 2 0 0.732
e 0 3 1 0.830
e 2 8 0 0.999
e 2 9 1 0.682
e 3 6 1 0.938
e 4 6 0 0.684
e 4 7 0 0.808
t # 18
v 0 1
v 1 0
v 2 11
v 3 0
v 4 2
v 5 2
v 6 0
v 7 2
v 8 0
v 9 0
e 0 2 0 0.764
e 1 5 0 0.775
e 1 6 0 0.716
e 1 7 1 0.903
e 2 7 0 0.839
e 4 5 0 0.889
e 4 6 1 0.704
e 5 8 1 0.999
e 6 8 0 0.629
e 7 8 0 0.897
e 7 9 0 0.572
t # 19
v 0 1
v 1 0
v 2 0
v 3 1
v 4 0
v 5 1
v 6 0
v 7 1
v 8 5
v 9 0
v 10 0
v 11 1
e 0 3 1 0.867
e 1 2 1 0.793
e 1 3 1 0.841
e 1 4 0 0.999
e 2 4 1 0.809
e 2 5 1 0.877
e 3 4 0 0.761
e 4 6 1 0.638
e 7 8 1 0.691
e 8 11 1 0.852
t # 20
v 0 0
v 1 0
v 2 0
v 3 0
v 4 0
v 5 1
v 6 0
v 7 1
v 8 0
v 9 1
e 0 2 0 0.849
e 0 3 0 0.776
e 0 4 0 0.822
e 1 5 0 0.570
e 1 4 1 0.773
e 1 6 1 0.851
e 2 5 0 0.570
e 2 4 1 0.773
e 2 6 1 0.851
e 5 8 0 0.627
t # 21
v 0 1
v 1 1
v 2 0
v 3 1
v 4 0
v 5 2
v 6 0
v 7 0
v 8 0
v 9 0
e 0 5 0 0.950
e 1 2 0 0.874
e 1 3 0 0.860
e 2 3 0 0.971
e 2 4 0 0.866
e 3 4 0 0.641
e 4 5 0 0.834
e 5 8 0 0.626
t # 22
v 0 0
v 1 2
v 2 0
v 3 0
v 4 0
v 5 0
v 6 0
v 7 0
v 8 5
v 9 1
e 0 2 0 0.860
e 0 3 1 0.951
e 0 4 0 0.781
e 1 3 1 0.942
e 1 4 0 0.884
e 2 4 1 0.863
e 3 4 0 0.791
e 3 5 0 0.520
e 4 5 0 0.916
e 5 7 0 0.746
e 5 6 0 0.976
e 6 7 0 0.670
t # 23
v 0 0
v 1 0
v 2 1
v 3 2
v 4 5
v 5 0
v 6 0
v 7 1
v 8 1
v 9 1
e 1 2 0 0.734
e 1 3 0 0.761
e 2 4 0 0.633
e 4 6 1 0.783
e 4 7 0 0.843
e 4 8 1 0.706
e 4 9 1 0.880
t # 24
v 0 0
v 1 0
v 2 0
v 3 0
v 4 0
v 5 0
v 6 1
v 7 0
v 8 2
v 9 0
e 0 2 1 0.730
e 0 3 0 0.864
e 0 4 1 0.867
e 1 5 1 0.867
e 1 6 0 0.642
e 2 7 1 0.799
e 4 9 0 0.743
e 5 6 0 0.907
e 5 7 0 0.826
t # 25
v 0 0
v 1 0
v 2 0
v 3 0
v 4 0
v 5 1
v 6 0
v 7 0
v 8 0
v 9 0
e 0 3 0 0.683
e 0 4 0 0.812
e 0 5 0 0.850
e 1 2 0 0.797
e 1 3 0 0.840
e 2 6 0 0.797
e 2 7 1 0.860
e 3 4 0 0.718
e 3 5 1 0.714
e 7 8 0 0.838
e 7 9 1 0.928
t # 26
v 0 0
v 1 4
v 2 0
v 3 0
v 4 2
v 5 0
v 6 0
v 7 0
v 8 2
v 9 0
e 0 2 0 0.902
e 0 1 0 0.701
e 0 3 0 0.866
e 0 4 1 0.720
e 2 3 0 0.883
e 3 4 0 0.883
e 3 5 0 0.836
e 3 6 0 0.758
e 4 6 1 0.718
e 5 9 1 0.947
e 7 8 1 0.715
e 8 9 0 0.847
t # 27
v 0 0
v 1 0
v 2 0
v 3 2
v 4 0
v 5 0
v 6 1
v 7 1
v 8 0
v 9 1
v 10 2
v 11 0
v 12 0
e 0 1 0 0.816
e 0 5 0 0.748
e 0 8 1 0.875
e 1 2 0 0.999
e 2 3 0 0.764
e 2 7 1 0.907
e 3 4 0 0.820
e 4 6 1 0.729
e 4 5 0 0.646
e 5 11 0 0.857
e 8 9 0 0.507
e 8 10 1 0.729
e 10 11 0 0.810
e 11 12 0 0.820
t # 28
v 0 0
v 1 0
v 2 0
v 3 0
v 4 0
v 5 0
v 6 0
v 7 2
v 8 5
v 9 3
e 0 2 0 0.510
e 0 3 1 0.816
e 1 4 0 0.847
e 1 3 0 0.591
e 1 5 1 0.822
e 3 6 0 0.707
e 4 9 0 0.979
e 5 7 0 0.714
e 5 8 0 0.811
t # 29
v 0 0
v 1 0
v 2 1
v 3 0
v 4 2
v 5 0
v 6 0
v 7 0
v 8 0
v 9 1
e 0 3 0 0.725
e 0 4 0 0.670
e 0 5 0 0.602
e 1 2 1 0.786
e 1 3 1 0.723
e 1 4 1 0.836
e 2 6 0 0.852
e 3 4 0 0.875
e 3 5 1 0.843
e 3 6 0 0.663
e 4 6 1 0.808
e 4 7 0 0.751
e 6 7 1 0.691
e 6 8 0 0.926
t # 30
v 0 0
v 1 0
v 2 3
v 3 0
v 4 0
v 5 2
v 6 1
v 7 0
v 8 0
v 9 0
v 10 0
e 0 2 0 0.790
e 0 3 1 0.824
e 1 3 0 0.825
e 2 4 1 0.863
e 4 5 1 0.760
e 5 6 0 0.965
e 5 7 0 0.755
e 7 10 0 0.653
t # 31
v 0 0
v 1 0
v 2 0
v 3 0
v 4 0
v 5 2
v 6 0
v 7 0
v 8 0
v 9 0
e 0 2 1 0.766
e 1 3 0 0.933
e 1 4 0 0.725
e 2 5 0 0.884
e 3 8 0 0.910
e 3 9 0 0.839
e 4 5 0 0.707
e 4 6 1 0.616
e 4 7 0 0.708
e 5 7 1 0.873
t # 32
v 0 1
v 1 2
v 2 0
v 3 0
v 4 1
v 5 5
v 6 0
v 7 0
v 8 0
v 9 1
e 0 2 1 0.782
e 0 3 0 0.793
e 1 4 1 0.878
e 1 5 0 0.798
e 2 4 0 0.806
e 4 7 1 0.889
t # 33
v 0 1
v 1 11
v 2 0
v 3 0
v 4 0
v 5 0
v 6 1
v 7 0
v 8 0
v 9 0
e 0 2 0 0.896
e 1 5 1 0.745
e 2 4 0 0.659
e 2 5 0 0.900
e 2 6 0 0.774
e 3 5 0 0.736
e 3 6 0 0.870
e 4 6 0 0.825
e 4 7 0 0.665
e 5 7 0 0.791
e 5 6 0 0.906
e 6 8 1 0.708
e 6 9 0 0.939
t # 34
v 0 0
v 1 0
v 2 2
v 3 2
v 4 1
v 5 0
v 6 0
v 7 0
v 8 1
v 9 0
e 0 2 0 0.790
e 0 3 0 0.594
e 0 4 1 0.800
e 1 6 1 0.881
e 1 9 0 0.777
e 2 8 0 0.804
e 2 9 0 0.881
e 3 6 0 0.627
e 3 7 0 0.801
e 4 5 0 0.850
e 7 8 0 0.596
t # 35
v 0 1
v 1 1
v 2 1
v 3 0
v 4 0
v 5 0
v 6 2
v 7 2
v 8 9
v 9 1
e 0 2 0 0.770
e 1 4 0 0.797
e 2 3 0 0.677
e 3 6 0 0.907
e 3 9 0 0.904
e 3 8 0 0.766
e 4 7 1 0.845
e 4 8 0 0.673
t # 36
v 0 1
v 1 0
v 2 0
v 3 0
v 4 0
v 5 5
v 6 0
v 7 1
v 8 0
v 9 1
e 0 2 1 0.715
e 1 5 1 0.690
e 1 6 0 0.808
e 1 7 1 0.767
e 2 3 1 0.730
e 2 4 0 0.819
e 3 4 1 0.624
e 3 5 0 0.757
e 5 8 1 0.846
e 5 9 0 0.769
t # 37
v 0 0
v 1 0
v 2 0
v 3 0
v 4 0
v 5 0
v 6 1
v 7 2
v 8 16
v 9 1
v 10 3
e 0 1 0 0.766
e 0 5 1 0.663
e 1 2 0 0.922
e 2 3 1 0.619
e 2 8 0 0.933
e 3 4 0 0.753
e 4 7 0 0.689
e 4 5 1 0.523
e 5 6 1 0.680
e 8 9 0 0.714
t # 38
v 0 0
v 1 0
v 2 2
v 3 5
v 4 3
v 5 1
v 6 0
v 7 0
v 8 0
v 9 0
v 10 0
e 0 3 0 0.760
e 0 4 0 0.818
e 0 5 1 0.893
e 1 2 0 0.888
e 1 3 1 0.725
e 2 5 0 0.780
e 2 6 0 0.730
e 3 4 0 0.679
e 3 5 0 0.895
e 4 6 1 0.799
e 5 7 0 0.721
e 5 8 1 0.810
e 6 8 0 0.953
e 9 10 0 0.732
t # 39
v 0 0
v 1 2
v 2 0
v 3 0
v 4 1
v 5 0
v 6 0
v 7 0
v 8 0
v 9 0
v 10 0
e 0 2 0 0.718
e 0 1 0 0.647
e 0 3 1 0.896
e 1 4 0 0.699
e 3 4 0 0.999
t # 40
v 0 0
v 1 0
v 2 0
v 3 0
v 4 0
v 5 1
v 6 0
v 7 0
v 8 1
v 9 5
e 0 2 0 0.797
e 0 3 0 0.760
e 1 4 0 0.694
e 1 5 1 0.694
e 2 4 0 0.746
e 3 8 0 0.767
e 3 9 0 0.862
e 4 5 1 0.644
e 5 6 0 0.746
e 5 7 0 0.670
e 5 8 0 0.790
t # 41
v 0 2
v 1 0
v 2 0
v 3 0
v 4 0
v 5 0
v 6 0
v 7 2
v 8 0
v 9 0
e 0 2 0 0.987
e 0 3 1 0.759
e 1 4 0 0.594
e 1 5 0 0.809
e 2 9 0 0.678
e 3 6 1 0.776
e 3 7 0 0.816
e 5 8 0 0.684
t # 42
v 0 0
v 1 0
v 2 0
v 3 5
v 4 1
v 5 0
v 6 0
v 7 0
v 8 1
v 9 0
e 0 2 1 0.678
e 0 3 0 0.915
e 0 4 0 0.868
e 1 9 0 0.740
e 2 5 0 0.828
e 2 4 0 0.947
e 3 4 0 0.838
e 3 5 0 0.871
e 4 8 1 0.465
t # 43
v 0 0
v 1 0
v 2 0
v 3 0
v 4 0
v 5 1
v 6 1
v 7 0
v 8 0
v 9 0
v 10 0
v 11 0
v 12 1
e 0 2 0 0.686
e 0 3 0 0.979
e 0 4 0 0.720
e 1 3 1 0.699
e 2 4 0 0.901
e 2 5 0 0.758
e 2 6 0 0.856
e 3 5 1 0.889
e 4 5 0 0.807
e 4 7 0 0.832
e 4 8 0 0.882
e 5 8 0 0.755
e 7 8 0 0.799
e 8 12 0 0.999
t # 44
v 0 0
v 1 2
v 2 1
v 3 1
v 4 0
v 5 0
v 6 0
v 7 12
v 8 0
v 9 0
e 0 4 0 0.673
e 1 2 1 0.860
e 1 3 0 0.707
e 2 3 0 0.883
e 3 7 1 0.584
e 3 8 0 0.848
e 5 8 0 0.850
e 6 9 0 0.703
t # 45
v 0 0
v 1 0
v 2 0
v 3 1
v 4 0
v 5 0
v 6 0
v 7 2
v 8 0
v 9 1
e 0 3 1 0.584
e 0 4 0 0.768
e 1 2 0 0.510
e 1 3 0 0.736
e 2 3 1 0.830
e 3 7 0 0.783
e 4 5 0 0.831
e 6 8 0 0.884
e 7 8 1 0.675
t # 46
v 0 0
v 1 5
v 2 0
v 3 2
v 4 0
v 5 0
v 6 0
v 7 5
v 8 0
v 9 0
e 0 4 0 0.735
e 0 2 1 0.664
e 0 5 0 0.640
e 1 2 1 0.725
e 1 3 0 0.855
e 2 9 0 0.943
e 3 7 0 0.846
e 3 8 0 0.741
e 5 6 0 0.661
t # 47
v 0 0
v 1 0
v 2 0
v 3 1
v 4 0
v 5 0
v 6 0
v 7 0
v 8 0
v 9 0
e 0 2 0 0.849
e 0 3 0 0.981
e 0 4 1 0.942
e 1 4 0 0.817
e 2 3 0 0.798
e 2 4 0 0.863
e 2 5 1 0.784
e 3 8 0 0.897
e 5 7 0 0.918
e 5 8 0 0.729
e 6 9 0 0.817
t # 48
v 0 2
v 1 0
v 2 1
v 3 0
v 4 1
v 5 0
v 6 0
v 7 0
v 8 0
v 9 0
v 10 0
v 11 0
v 12 0
v 13 0
v 14 0
e 0 6 0 0.659
e 0 7 1 0.734
e 0 8 0 0.682
e 1 2 0 0.784
e 2 3 0 0.812
e 3 4 0 0.542
e 3 5 0 0.810
e 4 7 1 0.978
e 4 8 0 0.923
e 5 6 0 0.999
e 5 7 0 0.720
e 5 8 0 0.640
e 6 8 0 0.753
e 8 14 1 0.914
t # 49
v 0 0
v 1 0
v 2 0
v 3 0
v 4 0
v 5 0
v 6 1
v 7 5
v 8 0
v 9 0
e 0 2 0 0.787
e 0 3 0 0.767
e 0 4 1 0.959
e 1 8 1 0.997
e 1 9 0 0.929
e 1 3 0 0.790
e 2 4 0 0.799
e 2 3 0 0.796
e 4 5 0 0.813
e 4 6 0 0.807
e 4 7 0 0.452
e 5 8 1 0.959
e 6 7 1 0.919
t # 50
v 0 5
v 1 0
v 2 5
v 3 2
v 4 0
v 5 0
v 6 2
v 7 0
v 8 0
v 9 0
e 0 2 0 0.715
e 0 3 1 0.719
e 0 4 1 0.999
e 0 5 1 0.894
e 1 3 0 0.757
e 1 4 0 0.667
e 2 4 0 0.892
e 2 5 1 0.757
e 2 6 1 0.779
e 2 7 0 0.734
e 4 8 1 0.762
e 4 9 0 0.893
t # 51
v 0 0
v 1 0
v 2 3
v 3 0
v 4 0
v 5 0
v 6 5
v 7 0
v 8 1
v 9 0
e 0 2 1 0.861
e 0 3 0 0.831
e 1 2 0 0.578
e 2 3 1 0.821
e 4 8 0 0.807
e 4 9 0 0.753
e 5 7 1 0.996
t # 52
v 0 0
v 1 0
v 2 2
v 3 1
v 4 2
v 5 1
v 6 1
v 7 5
v 8 0
v 9 0
e 0 4 1 0.823
e 0 5 0 0.767
e 0 6 0 0.966
e 1 2 0 0.722
e 1 3 1 0.796
e 2 3 1 0.904
e 2 4 0 0.840
e 2 5 0 0.900
e 4 8 0 0.774
e 4 9 0 0.844
e 6 7 1 0.687
t # 53
v 0 2
v 1 0
v 2 0
v 3 0
v 4 0
v 5 0
v 6 1
v 7 1
v 8 1
v 9 0
e 1 2 1 0.665
e 1 3 0 0.944
e 2 6 0 0.742
e 2 7 1 0.850
e 2 8 1 0.773
e 2 9 0 0.754
e 3 4 0 0.694
e 3 5 1 0.691
e 5 9 0 0.693
t # 54
v 0 0
v 1 0
v 2 2
v 3 0
v 4 0
v 5 2
v 6 1
v 7 0
v 8 0
v 9 0
e 0 7 1 0.711
e 0 3 0 0.714
e 1 2 1 0.967
e 1 3 0 0.713
e 2 5 0 0.730
e 2 3 0 0.810
e 5 6 0 0.778
e 7 9 0 0.743
t # 55
v 0 0
v 1 0
v 2 2
v 3 1
v 4 2
v 5 2
v 6 1
v 7 0
v 8 0
v 9 2
e 0 2 0 0.851
e 1 2 0 0.962
e 1 3 1 0.752
e 2 3 1 0.730
e 3 6 0 0.912
e 4 5 0 0.676
e 4 8 0 0.725
e 5 9 1 0.914
t # 56
v 0 0
v 1 0
v 2 0
v 3 0
v 4 1
v 5 0
v 6 2
v 7 0
v 8 0
v 9 0
v 10 0
v 11 0
v 12 3
e 0 3 0 0.708
e 0 7 0 0.843
e 1 2 0 0.800
e 1 3 0 0.736
e 1 4 0 0.707
e 2 3 0 0.796
e 2 4 0 0.754
e 3 4 1 0.697
e 5 6 0 0.756
t # 57
v 0 2
v 1 5
v 2 0
v 3 0
v 4 0
v 5 0
v 6 2
v 7 1
v 8 2
v 9 0
e 0 4 0 0.818
e 0 5 1 0.617
e 1 2 1 0.628
e 1 3 0 0.847
e 1 4 1 0.934
e 1 5 1 0.817
e 2 8 0 0.861
e 2 9 1 0.779
e 3 5 1 0.859
e 4 5 0 0.900
e 4 6 0 0.731
e 5 6 0 0.791
e 8 9 1 0.779
t # 58
v 0 1
v 1 1
v 2 0
v 3 0
v 4 0
v 5 0
v 6 0
v 7 0
v 8 1
v 9 0
v 10 5
e 0 2 0 0.830
e 1 2 1 0.957
e 2 5 0 0.795
e 3 6 0 0.722
e 3 7 0 0.688
e 4 5 0 0.791
e 4 6 1 0.718
e 7 10 1 0.727
e 8 10 1 0.760
t # 59
v 0 0
v 1 0
v 2 0
v 3 0
v 4 0
v 5 2
v 6 2
v 7 0
v 8 0
v 9 0
e 0 4 1 0.903
e 0 5 1 0.908
e 0 6 1 0.729
e 1 2 0 0.999
e 1 3 0 0.835
e 3 6 1 0.976
e 4 7 0 0.764
e 5 8 0 0.903
e 5 9 0 0.485
t # 60
v 0 2
v 1 2
v 2 0
v 3 0
v 4 0
v 5 2
v 6 0
v 7 1
v 8 0
v 9 0
e 0 2 0 0.663
e 0 3 0 0.851
e 0 4 0 0.869
e 1 3 0 0.659
e 1 5 0 0.936
e 2 9 0 0.846
e 4 6 0 0.985
e 5 7 0 0.874
e 5 8 0 0.927
e 7 9 0 0.889
t # 61
v 0 0
v 1 0
v 2 0
v 3 0
v 4 5
v 5 0
v 6 0
v 7 0
v 8 0
v 9 3
e 0 2 0 0.839
e 1 5 0 0.868
e 1 6 1 0.999
e 1 7 0 0.845
e 2 3 0 0.701
e 2 4 0 0.851
e 7 8 0 0.766
e 7 9 0 0.794
t # 62
v 0 0
v 1 0
v 2 1
v 3 1
v 4 0
v 5 0
v 6 2
v 7 0
v 8 1
v 9 0
e 0 4 1 0.766
e 0 5 0 0.802
e 1 2 0 0.868
e 1 3 0 0.826
e 2 6 0 0.670
e 3 5 0 0.762
e 4 7 0 0.861
e 4 8 1 0.887
e 5 7 0 0.975
e 7 9 0 0.793
t # 63
v 0 5
v 1 1
v 2 0
v 3 0
v 4 0
v 5 0
v 6 0
v 7 0
v 8 0
v 9 0
e 1 2 0 0.853
e 2 3 0 0.646
e 2 4 0 0.917
e 2 5 1 0.899
e 3 6 0 0.943
e 3 7 0 0.815
e 4 8 0 0.646
e 5 8 0 0.917
e 5 9 0 0.720
e 6 8 1 0.899
t # 64
v 0 1
v 1 0
v 2 0
v 3 1
v 4 0
v 5 1
v 6 0
v 7 2
v 8 0
v 9 0
v 10 1
v 11 0
v 12 0
e 0 1 0 0.838
e 1 2 0 0.788
e 1 8 0 0.941
e 2 3 0 0.818
e 2 4 0 0.857
e 4 5 0 0.577
e 4 6 0 0.837
e 6 7 0 0.752
e 7 12 0 0.806
e 7 8 0 0.590
e 8 9 0 0.717
e 9 10 0 0.845
e 9 11 0 0.762
e 11 12 0 0.835
t # 65
v 0 1
v 1 0
v 2 0
v 3 0
v 4 0
v 5 2
v 6 2
v 7 0
v 8 0
v 9 0
e 0 2 0 0.815
e 1 3 1 0.729
e 2 8 0 0.778
e 2 9 0 0.706
e 3 4 0 0.683
e 4 7 0 0.789
t # 66
v 0 1
v 1 0
v 2 2
v 3 0
v 4 0
v 5 0
v 6 0
v 7 0
v 8 5
v 9 0
e 0 8 0 0.888
e 1 2 1 0.892
e 1 3 1 0.741
e 1 4 0 0.779
e 2 6 0 0.702
e 2 7 0 0.935
e 3 4 0 0.758
e 3 5 0 0.831
e 4 5 1 0.912
e 7 9 0 0.736
t # 67
v 0 0
v 1 0
v 2 1
v 3 0
v 4 0
v 5 4
v 6 4
v 7 5
v 8 0
v 9 0
e 0 5 1 0.784
e 0 6 0 0.691
e 0 7 0 0.732
e 0 8 0 0.727
e 1 2 0 0.933
e 1 3 0 0.844
e 1 4 0 0.843
e 2 3 0 0.844
e 2 4 0 0.843
e 3 8 1 0.835
e 8 9 0 0.904
t # 68
v 0 0
v 1 1
v 2 1
v 3 0
v 4 0
v 5 0
v 6 0
v 7 0
v 8 0
v 9 0
e 0 2 0 0.633
e 0 3 0 0.729
e 2 9 1 0.788
e 3 4 0 0.856
e 3 5 1 0.730
t # 69
v 0 0
v 1 0
v 2 0
v 3 0
v 4 0
v 5 0
v 6 0
v 7 0
v 8 0
v 9 0
e 0 2 0 0.792
e 0 3 0 0.735
e 1 6 0 0.761
e 1 7 0 0.792
e 1 8 0 0.834
e 3 4 0 0.594
e 3 5 0 0.863
e 7 9 0 0.798
t # 70
v 0 2
v 1 1
v 2 2
v 3 0
v 4 1
v 5 0
v 6 0
v 7 0
v 8 0
v 9 0
e 0 3 1 0.667
e 0 4 0 0.713
e 0 5 0 0.930
e 1 2 0 0.756
e 2 3 0 0.710
e 2 4 0 0.992
e 3 6 0 0.777
e 3 9 0 0.717
e 6 8 0 0.812
e 7 8 0 0.941
t # 71
v 0 0
v 1 2
v 2 0
v 3 0
v 4 0
v 5 0
v 6 0
v 7 0
v 8 1
v 9 0
e 0 3 0 0.854
e 0 4 0 0.989
e 1 2 0 0.730
e 1 3 0 0.965
e 1 4 0 0.600
e 2 7 1 0.822
e 3 6 0 0.648
e 3 9 1 0.755
e 4 5 0 0.701
e 5 6 1 0.719
e 6 7 0 0.662
t # 72
v 0 0
v 1 1
v 2 2
v 3 0
v 4 0
v 5 0
v 6 0
v 7 2
v 8 0
v 9 0
e 1 2 0 0.600
e 1 3 0 0.696
e 2 8 1 0.648
e 2 9 0 0.664
e 3 6 1 0.771
e 3 7 0 0.849
e 4 6 0 0.815
e 6 9 0 0.863
t # 73
v 0 0
v 1 5
v 2 0
v 3 1
v 4 0
v 5 0
v 6 1
v 7 0
v 8 0
v 9 0
v 10 0
v 11 0
e 0 3 0 0.791
e 0 4 0 0.768
e 0 5 0 0.726
e 1 2 0 0.873
e 2 3 0 0.960
e 2 4 0 0.869
e 3 4 0 0.870
e 5 6 0 0.832
t # 74
v 0 0
v 1 0
v 2 0
v 3 0
v 4 0
v 5 1
v 6 2
v 7 0
v 8 0
v 9 1
e 0 2 1 0.690
e 0 3 0 0.800
e 1 3 1 0.775
e 1 4 1 0.843
e 2 3 0 0.840
e 3 6 1 0.736
e 3 7 0 0.769
e 5 6 1 0.801
e 6 8 0 0.718
e 7 9 0 0.691
t # 75
v 0 0
v 1 0
v 2 0
v 3 1
v 4 0
v 5 0
v 6 0
v 7 0
v 8 0
v 9 0
e 0 1 0 0.853
e 0 2 0 0.843
e 0 3 1 0.856
e 1 4 1 0.774
e 1 5 1 0.910
e 2 7 0 0.779
e 2 4 0 0.866
e 3 8 0 0.957
e 7 9 0 0.713
t # 76
v 0 0
v 1 0
v 2 2
v 3 2
v 4 1
v 5 0
v 6 0
v 7 0
v 8 1
v 9 1
e 1 2 0 0.760
e 1 3 0 0.826
e 1 4 0 0.872
e 2 7 0 0.883
e 2 8 0 0.701
e 3 5 0 0.821
e 3 6 1 0.662
e 6 8 0 0.649
e 7 9 0 0.814
t # 77
v 0 1
v 1 0
v 2 5
v 3 0
v 4 1
v 5 1
v 6 0
v 7 0
v 8 0
v 9 0
e 1 2 0 0.711
e 1 3 0 0.789
e 1 4 0 0.786
e 2 3 1 0.869
e 2 4 0 0.628
e 2 5 1 0.897
e 2 6 1 0.867
e 3 5 0 0.907
e 3 6 1 0.733
e 5 8 1 0.783
e 7 9 1 0.999
t # 78
v 0 0
v 1 0
v 2 2
v 3 1
v 4 0
v 5 0
v 6 0
v 7 0
v 8 0
v 9 1
e 0 2 0 0.989
e 0 3 0 0.642
e 0 4 1 0.792
e 1 3 0 0.693
e 1 6 0 0.796
e 1 7 0 0.821
e 2 8 1 0.837
e 2 5 0 0.869
e 3 8 0 0.717
e 5 9 0 0.823
e 6 8 0 0.717
t # 79
v 0 0
v 1 0
v 2 0
v 3 1
v 4 0
v 5 0
v 6 0
v 7 0
v 8 0
v 9 0
e 0 3 0 0.713
e 0 4 1 0.646
e 1 2 0 0.806
e 1 3 0 0.999
e 1 4 1 0.797
e 2 4 0 0.760
e 4 9 0 0.741
e 4 5 1 0.717
t # 80
v 0 1
v 1 7
v 2 7
v 3 0
v 4 1
v 5 2
v 6 0
v 7 0
v 8 0
v 9 0
e 0 2 0 0.826
e 1 3 0 0.712
e 1 4 0 0.999
e 1 5 1 0.911
e 1 6 0 0.773
e 2 4 0 0.813
e 2 5 0 0.710
e 2 6 1 0.814
e 2 7 0 0.871
e 3 5 0 0.837
e 3 6 0 0.866
e 6 7 1 0.733
e 6 8 0 0.662
e 7 9 1 0.853
e 8 9 0 0.648
t # 81
v 0 1
v 1 0
v 2 0
v 3 0
v 4 2
v 5 0
v 6 0
v 7 0
v 8 0
v 9 0
e 0 6 0 0.756
e 0 7 0 0.726
e 1 2 0 0.833
e 1 3 0 0.643
e 2 8 0 0.774
e 3 4 0 0.733
e 3 5 1 0.597
e 4 9 1 0.805
e 7 8 0 0.774
t # 82
v 0 0
v 1 0
v 2 0
v 3 0
v 4 0
v 5 0
v 6 5
v 7 0
v 8 0
v 9 0
v 10 0
v 11 0
v 12 2
v 13 1
v 14 1
e 0 1 0 0.679
e 0 5 1 0.849
e 1 2 0 0.801
e 2 3 1 0.806
e 3 4 0 0.839
e 3 6 1 0.803
e 4 5 1 0.763
e 6 7 0 0.743
e 6 13 1 0.894
e 6 14 1 0.694
e 7 8 0 0.848
e 7 12 1 0.733
e 8 9 0 0.606
e 9 10 1 0.872
e 10 11 0 0.844
e 11 12 0 0.773
t # 83
v 0 1
v 1 0
v 2 0
v 3 0
v 4 0
v 5 0
v 6 0
v 7 0
v 8 0
v 9 0
v 10 0
e 0 2 1 0.685
e 0 3 0 0.777
e 1 4 1 0.841
e 1 5 0 0.775
e 1 6 1 0.799
e 2 10 0 0.827
e 2 5 0 0.743
e 3 5 0 0.729
e 3 8 0 0.829
e 4 7 0 0.845
e 5 6 0 0.743
e 5 7 0 0.684
e 6 7 0 0.695
e 7 10 0 0.827
t # 84
v 0 1
v 1 1
v 2 0
v 3 0
v 4 0
v 5 2
v 6 0
v 7 0
v 8 0
v 9 0
e 1 2 0 0.835
e 2 4 0 0.858
e 2 5 0 0.597
e 2 6 0 0.725
e 3 7 0 0.845
e 3 8 0 0.725
e 3 9 0 0.714
t # 85
v 0 2
v 1 0
v 2 2
v 3 0
v 4 0
v 5 0
v 6 1
v 7 0
v 8 2
v 9 0
e 0 2 0 0.680
e 0 3 0 0.781
e 1 4 0 0.710
e 1 5 0 0.711
e 1 6 0 0.779
e 2 8 0 0.793
e 2 9 0 0.727
e 3 7 0 0.660
e 3 8 0 0.935
e 4 8 1 0.786
e 5 7 1 0.882
e 5 8 0 0.766
e 7 9 0 0.872
t # 86
v 0 0
v 1 0
v 2 1
v 3 0
v 4 0
v 5 2
v 6 0
v 7 2
v 8 0
v 9 0
e 0 2 0 0.763
e 0 1 0 0.780
e 0 3 1 0.778
e 1 8 0 0.850
e 2 4 0 0.687
e 2 5 0 0.743
e 3 5 0 0.708
e 3 6 0 0.746
e 5 7 1 0.799
e 6 9 0 0.767
e 8 9 0 0.848
t # 87
v 0 0
v 1 0
v 2 1
v 3 0
v 4 0
v 5 0
v 6 7
v 7 1
v 8 1
v 9 1
e 0 2 0 0.828
e 1 3 0 0.826
e 1 4 0 0.748
e 1 5 0 0.791
e 2 5 0 0.792
e 2 6 0 0.867
e 3 9 0 0.759
e 7 8 0 0.924
t # 88
v 0 0
v 1 0
v 2 2
v 3 1
v 4 0
v 5 0
v 6 0
v 7 1
v 8 0
v 9 1
e 0 5 0 0.741
e 0 9 0 0.806
e 1 2 0 0.745
e 1 3 1 0.878
e 1 4 0 0.888
e 4 6 0 0.918
e 5 7 1 0.673
e 5 8 0 0.780
e 6 8 0 0.681
t # 89
v 0 2
v 1 2
v 2 0
v 3 0
v 4 2
v 5 0
v 6 0
v 7 0
v 8 0
v 9 0
e 0 2 0 0.646
e 0 3 1 0.775
e 0 4 0 0.698
e 1 7 1 0.790
e 1 8 0 0.608
e 2 4 0 0.869
e 2 5 1 0.893
e 2 6 1 0.812
e 3 4 0 0.936
e 5 9 0 0.818
e 6 7 0 0.810
t # 90
v 0 0
v 1 0
v 2 0
v 3 0
v 4 1
v 5 1
v 6 0
v 7 0
v 8 0
v 9 0
v 10 0
v 11 0
v 12 0
v 13 0
v 14 0
e 0 5 0 0.752
e 0 6 0 0.858
e 1 2 0 0.977
e 1 3 1 0.725
e 1 4 0 0.862
e 2 5 0 0.807
e 2 6 0 0.680
e 3 4 0 0.810
e 3 5 0 0.804
e 4 5 1 0.939
e 5 6 0 0.786
e 7 14 0 0.833
t # 91
v 0 0
v 1 5
v 2 0
v 3 0
v 4 0
v 5 0
v 6 0
v 7 0
v 8 0
v 9 0
e 0 4 0 0.808
e 0 8 1 0.781
e 1 2 0 0.793
e 2 3 0 0.749
e 2 4 0 0.713
e 2 5 0 0.851
e 3 5 1 0.801
e 3 8 0 0.710
e 3 9 1 0.881
t # 92
v 0 1
v 1 1
v 2 0
v 3 0
v 4 2
v 5 0
v 6 0
v 7 0
v 8 7
v 9 0
e 0 2 1 0.765
e 0 3 0 0.848
e 1 6 0 0.939
e 1 7 0 0.928
e 2 4 0 0.820
e 2 5 0 0.798
e 3 5 0 0.558
e 3 6 0 0.704
e 6 9 0 0.791
t # 93
v 0 0
v 1 1
v 2 0
v 3 0
v 4 0
v 5 0
v 6 0
v 7 0
v 8 0
v 9 0
e 0 3 0 0.813
e 0 4 0 0.841
e 0 5 1 0.733
e 1 2 0 0.704
e 3 9 0 0.674
e 4 6 0 0.689
e 4 7 0 0.746
e 4 8 0 0.757
e 4 9 0 0.790
e 5 6 0 0.863
t # 94
v 0 0
v 1 1
v 2 2
v 3 0
v 4 0
v 5 1
v 6 1
v 7 1
v 8 0
v 9 5
e 0 2 0 0.703
e 0 3 1 0.790
e 0 4 1 0.739
e 1 9 1 0.631
e 2 5 0 0.626
e 2 6 1 0.741
e 2 7 1 0.546
e 2 8 0 0.814
t # 95
v 0 0
v 1 2
v 2 2
v 3 1
v 4 2
v 5 0
v 6 1
v 7 1
v 8 5
v 9 0
e 0 4 0 0.738
e 0 5 0 0.664
e 1 2 0 0.830
e 1 3 0 0.686
e 2 3 0 0.741
e 2 4 1 0.721
e 5 9 1 0.946
e 7 8 1 0.801
t # 96
v 0 0
v 1 6
v 2 0
v 3 0
v 4 0
v 5 0
v 6 0
v 7 0
v 8 0
v 9 1
e 0 3 1 0.868
e 0 2 0 0.703
e 1 2 0 0.939
e 1 3 0 0.677
e 3 6 1 0.855
e 4 7 0 0.791
e 5 7 0 0.883
e 5 6 0 0.867
e 7 8 0 0.993
t # 97
v 0 0
v 1 0
v 2 2
v 3 0
v 4 0
v 5 0
v 6 0
v 7 1
v 8 0
v 9 0
e 0 2 0 0.713
e 0 3 1 0.887
e 2 3 1 0.768
e 2 4 0 0.832
e 2 5 0 0.683
e 3 8 1 0.665
e 3 9 0 0.767
e 5 6 0 0.815
e 6 7 0 0.806
e 6 8 1 0.646
e 7 8 0 0.760
t # 98
v 0 0
v 1 0
v 2 0
v 3 0
v 4 0
v 5 2
v 6 0
v 7 0
v 8 0
v 9 0
e 0 3 1 0.832
e 0 4 0 0.620
e 1 2 0 0.921
e 1 3 0 0.620
e 1 4 1 0.691
e 3 5 0 0.590
e 4 6 1 0.733
e 4 7 0 0.763
e 5 8 1 0.691
e 7 9 1 0.749
t # 99
v 0 3
v 1 0
v 2 0
v 3 0
v 4 5
v 5 0
v 6 0
v 7 0
v 8 0
v 9 0
e 0 2 1 0.802
e 1 2 0 0.718
e 2 5 0 0.931
e 3 8 0 0.853
e 3 6 0 0.774
e 6 7 1 0.753
e 7 9 1 0.951
e 8 9 1 0.951
t # 100
v 0 0
v 1 0
v 2 0
v 3 0
v 4 5
v 5 0
v 6 0
v 7 0
v 8 0
v 9 0
e 0 1 1 0.857
e 0 8 1 0.847
e 1 2 0 0.704
e 1 3 0 0.744
e 2 4 0 0.700
e 3 8 1 0.710
e 4 7 1 0.888
e 7 9 0 0.633
t # 101
v 0 0
v 1 0
v 2 0
v 3 0
v 4 1
v 5 0
v 6 0
v 7 0
v 8 1
v 9 0
e 1 2 0 0.843
e 1 3 0 0.684
e 1 4 0 0.692
e 1 5 0 0.924
e 2 4 0 0.859
e 3 5 0 0.982
e 4 6 1 0.971
e 6 7 0 0.583
e 6 8 0 0.837
e 7 8 0 0.717
e 7 9 0 0.761
t # 102
v 0 0
v 1 1
v 2 0
v 3 0
v 4 0
v 5 0
v 6 0
v 7 2
v 8 0
v 9 5
e 0 8 1 0.980
e 1 2 1 0.487
e 2 3 1 0.738
e 2 5 0 0.877
e 2 6 0 0.883
e 3 6 0 0.744
e 3 7 0 0.941
e 4 5 0 0.867
e 4 8 1 0.904
e 5 8 1 0.742
t # 103
v 0 0
v 1 2
v 2 1
v 3 1
v 4 3
v 5 0
v 6 0
v 7 4
v 8 0
v 9 0
e 0 2 1 0.876
e 1 3 1 0.766
e 1 4 0 0.747
e 2 4 0 0.816
e 5 6 0 0.727
e 6 7 0 0.801
e 6 9 0 0.863
e 8 9 0 0.591
t # 104
v 0 0
v 1 5
v 2 1
v 3 0
v 4 0
v 5 0
v 6 0
v 7 0
v 8 0
v 9 0
v 10 0
v 11 2
e 0 2 0 0.792
e 1 3 0 0.928
e 2 4 0 0.887
e 3 5 0 0.791
e 3 6 1 0.879
e 3 7 0 0.559
e 4 8 0 0.742
e 4 5 1 0.768
e 6 7 0 0.782
e 9 11 0 0.645
t # 105
v 0 6
v 1 0
v 2 0
v 3 0
v 4 0
v 5 1
v 6 0
v 7 0
v 8 0
v 9 0
e 0 2 0 0.614
e 0 3 0 0.940
e 1 3 0 0.657
e 1 4 1 0.902
e 2 6 0 0.832
e 3 6 0 0.896
e 3 7 1 0.881
e 4 8 1 0.889
e 5 7 0 0.820
e 7 8 0 0.736
t # 106
v 0 0
v 1 0
v 2 0
v 3 2
v 4 0
v 5 0
v 6 0
v 7 0
v 8 0
v 9 0
e 0 2 0 0.783
e 0 3 0 0.812
e 1 8 0 0.877
e 2 4 0 0.799
e 2 5 1 0.912
e 3 6 0 0.752
e 3 7 1 0.723
e 5 9 0 0.799
e 6 9 1 0.912
t # 107
v 0 2
v 1 1
v 2 0
v 3 0
v 4 0
v 5 1
v 6 0
v 7 0
v 8 0
v 9 2
e 0 2 0 0.842
e 0 3 0 0.615
e 0 4 0 0.590
e 1 7 0 0.783
e 2 5 0 0.782
e 2 6 0 0.921
e 2 7 1 0.648
e 3 5 0 0.809
e 6 8 0 0.782
e 7 8 0 0.921
e 7 9 1 0.758
t # 108
v 0 0
v 1 1
v 2 0
v 3 2
v 4 0
v 5 0
v 6 0
v 7 0
v 8 0
v 9 0
e 0 3 1 0.731
e 1 2 0 0.809
e 1 3 0 0.941
e 2 3 0 0.685
e 2 4 0 0.856
e 2 5 1 0.861
e 3 6 0 0.592
e 3 8 0 0.971
e 4 6 0 0.933
e 4 7 1 0.781
e 6 9 0 0.744
e 8 9 0 0.773
t # 109
v 0 0
v 1 0
v 2 0
v 3 1
v 4 0
v 5 0
v 6 2
v 7 1
v 8 0
v 9 0
e 0 2 0 0.861
e 0 3 1 0.807
e 0 4 0 0.830
e 1 4 0 0.801
e 1 5 0 0.711
e 2 4 1 0.793
e 3 9 0 0.839
e 4 6 0 0.883
e 4 7 0 0.857
e 4 8 0 0.866
e 5 7 0 0.807
e 6 8 0 0.848
e 6 9 0 0.876
e 7 8 0 0.735
t # 110
v 0 0
v 1 3
v 2 0
v 3 1
v 4 1
v 5 0
v 6 0
v 7 0
v 8 0
v 9 0
e 0 2 1 0.776
e 0 3 0 0.870
e 0 4 1 0.853
e 2 5 0 0.840
e 2 6 0 0.716
e 2 7 1 0.852
e 3 8 1 0.722
e 3 9 0 0.916
t # 111
v 0 0
v 1 0
v 2 2
v 3 0
v 4 2
v 5 0
v 6 0
v 7 0
v 8 0
v 9 2
e 0 2 0 0.690
e 0 3 1 0.805
e 0 4 1 0.861
e 1 7 0 0.840
e 2 4 1 0.766
e 3 8 0 0.729
e 3 9 1 0.864
e 4 5 1 0.766
e 4 6 0 0.844
e 4 7 0 0.818
t # 112
v 0 0
v 1 0
v 2 0
v 3 0
v 4 0
v 5 0
v 6 0
v 7 0
v 8 0
v 9 0
v 10 0
e 0 3 1 0.832
e 0 4 0 0.909
e 1 2 0 0.794
e 1 3 0 0.667
e 1 4 0 0.770
e 2 10 0 0.999
e 3 5 1 0.566
e 4 5 0 0.671
e 4 6 0 0.773
e 9 10 1 0.694
t # 113
v 0 0
v 1 2
v 2 0
v 3 1
v 4 2
v 5 0
v 6 1
v 7 0
v 8 0
v 9 1
e 0 8 0 0.747
e 1 2 1 0.830
e 1 3 0 0.999
e 3 5 1 0.827
e 4 5 0 0.919
e 4 7 0 0.842
e 5 9 0 0.777
e 7 9 0 0.777
t # 114
v 0 0
v 1 0
v 2 0
v 3 0
v 4 0
v 5 0
v 6 0
v 7 1
v 8 0
v 9 0
e 0 2 1 0.783
e 0 3 0 0.744
e 1 7 0 0.989
e 2 3 0 0.687
e 2 4 0 0.654
e 3 4 0 0.844
e 4 9 0 0.794
e 5 8 1 0.643
e 6 7 0 0.650
e 7 8 0 0.858
t # 115
v 0 5
v 1 0
v 2 0
v 3 0
v 4 0
v 5 0
v 6 0
v 7 0
v 8 1
v 9 0
e 1 2 1 0.873
e 1 3 0 0.806
e 1 4 0 0.729
e 2 5 0 0.731
e 2 7 1 0.652
e 3 5 0 0.741
e 3 6 1 0.782
e 4 7 0 0.937
e 5 8 0 0.792
e 5 9 0 0.863
t # 116
v 0 0
v 1 0
v 2 2
v 3 0
v 4 1
v 5 0
v 6 0
v 7 0
v 8 0
v 9 0
e 0 6 0 0.701
e 0 5 1 0.904
e 1 2 0 0.949
e 1 3 0 0.667
e 1 4 1 0.658
e 2 5 0 0.808
e 5 6 0 0.899
e 5 7 1 0.702
e 7 9 0 0.766
t # 117
v 0 0
v 1 0
v 2 2
v 3 0
v 4 0
v 5 2
v 6 2
v 7 2
v 8 0
v 9 5
e 0 2 0 0.691
e 0 3 0 0.996
e 1 3 1 0.694
e 1 4 0 0.808
e 3 5 1 0.879
e 3 6 0 0.760
e 4 6 0 0.812
e 4 7 0 0.712
e 4 8 0 0.696
e 5 7 0 0.689
t # 118
v 0 0
v 1 0
v 2 0
v 3 3
v 4 0
v 5 0
v 6 0
v 7 0
v 8 0
v 9 0
e 0 2 1 0.702
e 0 3 0 0.755
e 2 3 0 0.923
e 2 4 0 0.755
e 2 5 0 0.884
e 5 8 1 0.784
e 5 9 0 0.831
t # 119
v 0 2
v 1 1
v 2 1
v 3 5
v 4 0
v 5 0
v 6 0
v 7 0
v 8 0
v 9 2
e 0 2 0 0.867
e 0 3 0 0.754
e 1 8 0 0.780
e 2 3 1 0.858
e 3 4 0 0.689
e 4 6 0 0.868
e 4 7 0 0.866
e 5 9 0 0.786
e 8 9 1 0.801
t # 120
v 0 2
v 1 1
v 2 1
v 3 0
v 4 26
v 5 0
v 6 0
v 7 0
v 8 0
v 9 0
e 0 3 0 0.842
e 0 4 1 0.785
e 1 2 0 0.599
e 3 4 0 0.757
e 3 5 1 0.976
e 6 8 1 0.919
e 6 9 0 0.663
t # 121
v 0 0
v 1 0
v 2 2
v 3 0
v 4 0
v 5 2
v 6 0
v 7 0
v 8 0
v 9 0
e 0 2 0 0.918
e 0 3 0 0.639
e 0 4 1 0.790
e 1 6 0 0.791
e 2 8 0 0.673
e 3 7 0 0.725
e 3 4 0 0.622
e 3 8 0 0.724
e 4 7 0 0.855
e 5 8 1 0.871
e 6 8 0 0.673
t # 122
v 0 0
v 1 0
v 2 1
v 3 0
v 4 0
v 5 0
v 6 0
v 7 0
v 8 0
v 9 0
v 10 0
v 11 0
v 12 0
e 0 2 0 0.743
e 0 3 0 0.956
e 1 5 0 0.728
e 1 3 1 0.728
e 1 8 0 0.738
e 3 4 0 0.741
e 3 5 0 0.749
e 4 5 0 0.774
e 4 6 1 0.963
e 5 6 0 0.800
e 7 12 0 0.795
t # 123
v 0 2
v 1 2
v 2 0
v 3 0
v 4 0
v 5 0
v 6 5
v 7 0
v 8 1
v 9 0
e 0 2 1 0.790
e 0 3 0 0.962
e 1 4 0 0.679
e 1 5 0 0.831
e 1 6 0 0.800
e 2 7 0 0.886
e 2 9 1 0.718
e 3 7 0 0.714
e 3 8 1 0.780
t # 124
v 0 0
v 1 0
v 2 0
v 3 1
v 4 2
v 5 0
v 6 1
v 7 1
v 8 0
v 9 0
v 10 0
v 11 2
e 0 2 0 0.714
e 0 3 0 0.678
e 1 3 0 0.725
e 2 4 0 0.886
e 2 5 1 0.709
e 2 6 0 0.629
e 2 7 0 0.854
e 3 4 0 0.874
e 3 11 0 0.793
e 4 5 0 0.762
e 4 7 0 0.981
e 5 7 0 0.896
e 5 6 0 0.892
t # 125
v 0 0
v 1 0
v 2 1
v 3 1
v 4 0
v 5 0
v 6 0
v 7 0
v 8 1
v 9 1
e 0 4 1 0.770
e 0 5 0 0.612
e 1 2 0 0.632
e 1 3 0 0.864
e 2 6 0 0.837
e 3 5 0 0.774
t # 126
v 0 0
v 1 2
v 2 0
v 3 2
v 4 0
v 5 0
v 6 0
v 7 0
v 8 2
v 9 0
v 10 0
v 11 0
v 12 0
v 13 1
e 0 2 0 0.725
e 0 3 0 0.784
e 1 4 1 0.753
e 1 5 0 0.584
e 2 3 0 0.842
e 2 4 0 0.649
e 2 5 0 0.928
e 3 7 0 0.790
e 3 4 1 0.674
e 5 8 1 0.830
e 6 7 0 0.806
t # 127
v 0 0
v 1 0
v 2 1
v 3 0
v 4 0
v 5 0
v 6 1
v 7 0
v 8 0
v 9 4
e 0 3 0 0.673
e 0 4 0 0.999
e 0 2 1 0.866
e 1 2 0 0.842
e 3 6 0 0.789
e 3 7 0 0.985
e 4 5 0 0.733
t # 128
v 0 1
v 1 0
v 2 0
v 3 0
v 4 2
v 5 0
v 6 0
v 7 0
v 8 0
v 9 0
e 0 4 1 0.674
e 1 2 1 0.877
e 1 3 0 0.829
e 2 5 0 0.874
e 2 6 1 0.878
e 4 7 0 0.762
e 6 8 0 0.874
e 7 8 1 0.878
e 7 9 0 0.876
t # 129
v 0 2
v 1 1
v 2 1
v 3 1
v 4 0
v 5 0
v 6 0
v 7 0
v 8 0
v 9 1
e 0 3 1 0.634
e 0 4 0 0.959
e 1 2 0 0.951
e 2 4 1 0.921
e 3 5 0 0.603
e 3 7 1 0.863
e 4 7 0 0.765
e 4 8 0 0.791
e 5 6 0 0.837
t # 130
v 0 1
v 1 0
v 2 0
v 3 4
v 4 0
v 5 0
v 6 1
v 7 4
v 8 0
v 9 0
e 0 5 0 0.736
e 1 2 0 0.594
e 1 3 0 0.884
e 2 3 0 0.796
e 2 4 0 0.759
e 3 9 0 0.941
e 4 6 0 0.799
e 8 9 0 0.887
t # 131
v 0 0
v 1 0
v 2 0
v 3 0
v 4 2
v 5 0
v 6 0
v 7 0
v 8 0
v 9 0
e 0 3 0 0.701
e 0 4 0 0.744
e 1 2 0 0.891
e 1 3 0 0.774
e 1 4 0 0.772
e 2 4 1 0.839
e 2 3 0 0.865
e 3 4 1 0.856
e 4 6 0 0.835
e 4 7 0 0.754
e 5 6 0 0.985
t # 132
v 0 0
v 1 0
v 2 0
v 3 0
v 4 0
v 5 0
v 6 1
v 7 1
v 8 0
v 9 0
e 0 4 1 0.897
e 0 5 0 0.743
e 0 6 0 0.703
e 1 2 0 0.730
e 1 3 0 0.963
e 2 6 0 0.759
e 2 7 0 0.802
e 2 8 1 0.649
e 3 6 0 0.761
e 5 6 0 0.759
e 5 7 0 0.802
e 5 8 1 0.649
e 6 7 0 0.685
e 7 9 0 0.809
t # 133
v 0 0
v 1 0
v 2 0
v 3 0
v 4 0
v 5 1
v 6 0
v 7 0
v 8 0
v 9 0
e 0 2 0 0.671
e 0 3 0 0.717
e 0 4 0 0.760
e 1 6 0 0.825
e 1 7 0 0.763
e 1 8 0 0.874
e 2 6 0 0.778
e 2 3 0 0.764
e 3 9 0 0.746
t # 134
v 0 0
v 1 0
v 2 1
v 3 0
v 4 0
v 5 0
v 6 1
v 7 1
v 8 0
v 9 0
e 0 5 0 0.723
e 0 6 0 0.848
e 0 7 1 0.875
e 1 2 0 0.798
e 1 3 0 0.711
e 1 4 0 0.920
e 2 4 0 0.837
e 3 8 0 0.783
e 6 8 0 0.932
e 6 9 0 0.668
t # 135
v 0 0
v 1 1
v 2 2
v 3 0
v 4 0
v 5 0
v 6 0
v 7 0
v 8 2
v 9 0
e 0 2 0 0.841
e 0 3 1 0.846
e 0 4 1 0.754
e 1 3 0 0.764
e 2 3 1 0.823
e 3 8 0 0.634
e 4 6 0 0.774
t # 136
v 0 0
v 1 0
v 2 0
v 3 0
v 4 0
v 5 0
v 6 1
v 7 2
v 8 0
v 9 1
e 0 2 0 0.673
e 0 3 0 0.786
e 0 4 0 0.884
e 1 5 0 0.698
e 1 6 0 0.864
e 1 7 0 0.790
e 2 3 0 0.836
e 2 4 0 0.954
e 4 8 1 0.808
e 5 6 0 0.624
e 5 7 0 0.688
e 6 8 0 0.798
e 8 9 0 0.663
t # 137
v 0 0
v 1 1
v 2 0
v 3 1
v 4 0
v 5 0
v 6 0
v 7 0
v 8 0
v 9 0
e 0 7 1 0.834
e 0 8 0 0.707
e 1 2 0 0.822
e 2 7 0 0.731
e 2 9 0 0.834
e 3 5 0 0.828
e 4 8 0 0.783
e 5 6 0 0.679
t # 138
v 0 0
v 1 2
v 2 0
v 3 1
v 4 4
v 5 0
v 6 0
v 7 0
v 8 2
v 9 0
e 0 2 0 0.833
e 0 3 0 0.694
e 0 1 0 0.675
e 1 5 0 0.694
e 1 6 0 0.953
e 3 9 0 0.807
e 4 5 0 0.846
e 5 9 0 0.734
e 6 8 0 0.993
t # 139
v 0 0
v 1 0
v 2 0
v 3 1
v 4 0
v 5 0
v 6 0
v 7 0
v 8 0
v 9 0
e 0 2 0 0.999
e 1 2 0 0.673
e 1 3 0 0.691
e 2 8 1 0.842
e 3 6 0 0.803
e 4 9 0 0.687
e 5 8 0 0.542
e 7 8 1 0.829
t # 140
v 0 0
v 1 7
v 2 0
v 3 0
v 4 1
v 5 2
v 6 2
v 7 0
v 8 0
v 9 0
e 0 4 0 0.850
e 0 5 0 0.747
e 0 6 0 0.806
e 1 2 1 0.779
e 1 3 0 0.730
e 1 4 0 0.878
e 1 5 0 0.823
e 2 3 0 0.898
e 2 4 0 0.725
e 6 7 0 0.718
e 6 8 1 0.619
e 8 9 0 0.731
t # 141
v 0 0
v 1 0
v 2 0
v 3 0
v 4 2
v 5 0
v 6 0
v 7 0
v 8 0
v 9 1
e 0 4 0 0.687
e 0 5 0 0.781
e 1 2 0 0.623
e 1 3 1 0.800
e 3 6 0 0.767
e 4 8 0 0.887
e 4 9 0 0.539
e 5 8 1 0.750
e 6 7 1 0.660
t # 142
v 0 0
v 1 5
v 2 0
v 3 0
v 4 0
v 5 0
v 6 0
v 7 0
v 8 0
v 9 0
e 0 2 0 0.632
e 0 3 0 0.689
e 0 4 1 0.873
e 2 4 0 0.953
e 2 5 0 0.859
e 3 4 0 0.860
e 4 6 0 0.739
t # 143
v 0 0
v 1 5
v 2 0
v 3 0
v 4 0
v 5 0
v 6 0
v 7 1
v 8 1
v 9 1
e 0 2 0 0.892
e 0 3 0 0.866
e 0 4 0 0.740
e 1 6 1 0.797
e 1 7 1 0.612
e 1 8 1 0.760
e 1 9 1 0.736
e 4 5 1 0.775
t # 144
v 0 0
v 1 0
v 2 0
v 3 0
v 4 0
v 5 0
v 6 1
v 7 0
v 8 0
v 9 0
e 0 2 0 0.678
e 1 3 0 0.681
e 1 4 0 0.931
e 2 4 1 0.710
e 3 7 0 0.729
e 3 8 0 0.862
e 3 9 0 0.818
e 4 5 0 0.728
e 4 6 0 0.905
t # 145
v 0 2
v 1 1
v 2 0
v 3 2
v 4 0
v 5 0
v 6 0
v 7 0
v 8 2
v 9 0
e 0 2 0 0.943
e 0 3 1 0.851
e 2 4 1 0.735
e 2 5 1 0.792
e 2 6 0 0.775
e 5 7 1 0.735
e 6 7 1 0.792
e 6 8 0 0.690
e 6 9 0 0.863
t # 146
v 0 0
v 1 0
v 2 1
v 3 0
v 4 0
v 5 0
v 6 0
v 7 2
v 8 1
v 9 2
e 0 2 0 0.844
e 1 5 0 0.749
e 1 6 0 0.783
e 2 4 0 0.916
e 3 6 0 0.847
e 4 7 0 0.729
e 4 8 0 0.821
e 4 9 0 0.815
t # 147
v 0 0
v 1 0
v 2 0
v 3 0
v 4 0
v 5 0
v 6 2
v 7 0
v 8 0
v 9 1
e 0 2 0 0.976
e 1 3 1 0.774
e 1 4 0 0.813
e 1 5 0 0.816
e 2 4 1 0.525
e 4 6 0 0.741
e 4 7 0 0.645
e 5 6 0 0.798
t # 148
v 0 0
v 1 0
v 2 0
v 3 0
v 4 0
v 5 0
v 6 0
v 7 1
v 8 0
v 9 0
e 0 3 0 0.729
e 0 4 1 0.874
e 1 2 0 0.602
e 2 3 0 0.866
e 2 4 0 0.859
e 3 9 1 0.916
e 3 5 0 0.844
e 4 5 1 0.762
e 5 7 0 0.711
t # 149
v 0 0
v 1 0
v 2 0
v 3 0
v 4 3
v 5 0
v 6 0
v 7 0
v 8 0
v 9 0
e 0 3 0 0.806
e 0 4 0 0.880
e 1 2 0 0.719
e 1 3 0 0.945
e 3 8 0 0.642
e 5 6 0 0.884
t # 150
v 0 0
v 1 1
v 2 0
v 3 5
v 4 0
v 5 1
v 6 0
v 7 0
v 8 2
v 9 0
e 0 3 1 0.821
e 0 4 0 0.836
e 0 5 0 0.833
e 1 2 0 0.947
e 3 4 1 0.882
e 3 5 0 0.612
e 3 6 1 0.661
e 3 7 1 0.980
e 4 8 1 0.942
e 4 9 0 0.785
t # 151
v 0 0
v 1 0
v 2 0
v 3 0
v 4 2
v 5 0
v 6 0
v 7 0
v 8 0
v 9 0
e 0 2 1 0.838
e 0 3 0 0.940
e 1 8 0 0.872
e 1 3 0 0.838
e 2 5 0 0.855
e 2 6 0 0.815
e 3 6 0 0.873
e 4 5 0 0.880
e 4 9 0 0.856
e 5 7 0 0.798
e 6 8 0 0.928
t # 152
v 0 0
v 1 0
v 2 1
v 3 0
v 4 1
v 5 0
v 6 0
v 7 0
v 8 0
v 9 1
e 0 6 0 0.785
e 0 2 0 0.641
e 0 9 1 0.945
e 1 2 0 0.793
e 3 5 1 0.744
e 3 6 0 0.895
e 4 8 0 0.779
e 5 7 0 0.845
e 5 8 0 0.772
t # 153
v 0 0
v 1 2
v 2 1
v 3 1
v 4 0
v 5 1
v 6 0
v 7 0
v 8 1
v 9 0
e 0 4 0 0.828
e 0 5 0 0.506
e 1 2 0 0.798
e 1 3 0 0.893
e 2 3 0 0.810
e 2 4 0 0.935
e 4 5 0 0.889
e 4 6 0 0.763
e 5 8 0 0.856
e 5 9 0 0.657
e 7 9 0 0.725
t # 154
v 0 1
v 1 0
v 2 0
v 3 1
v 4 0
v 5 0
v 6 0
v 7 1
v 8 0
v 9 0
e 0 2 0 0.861
e 1 5 0 0.895
e 2 3 0 0.954
e 2 4 0 0.753
e 3 6 0 0.762
e 4 8 0 0.868
t # 155
v 0 1
v 1 2
v 2 2
v 3 0
v 4 0
v 5 0
v 6 0
v 7 0
v 8 0
v 9 0
e 0 2 0 0.833
e 1 7 0 0.731
e 1 8 1 0.818
e 1 4 1 0.771
e 2 3 0 0.785
e 2 4 0 0.797
e 3 4 0 0.988
e 3 5 0 0.782
e 3 6 1 0.835
e 6 8 0 0.622
t # 156
v 0 1
v 1 2
v 2 0
v 3 0
v 4 0
v 5 0
v 6 2
v 7 0
v 8 0
v 9 0
e 0 2 0 0.879
e 1 5 1 0.747
e 2 7 1 0.827
e 2 8 0 0.981
e 3 4 0 0.894
e 3 5 1 0.768
e 3 6 0 0.736
e 6 9 1 0.845
t # 157
v 0 0
v 1 0
v 2 1
v 3 0
v 4 0
v 5 0
v 6 0
v 7 0
v 8 0
v 9 1
e 0 2 0 0.855
e 0 3 0 0.886
e 1 3 0 0.788
e 1 4 0 0.981
e 1 5 0 0.887
e 1 2 0 0.939
e 2 6 1 0.897
e 4 7 0 0.744
e 5 7 0 0.779
e 5 8 0 0.999
t # 158
v 0 0
v 1 0
v 2 0
v 3 0
v 4 2
v 5 0
v 6 0
v 7 0
v 8 0
v 9 1
e 0 4 0 0.947
e 0 2 1 0.803
e 1 2 0 0.730
e 1 3 1 0.684
e 1 4 0 0.545
e 2 3 0 0.746
e 2 4 0 0.964
e 3 4 0 0.715
e 3 5 1 0.880
e 5 6 1 0.818
e 6 9 0 0.895
t # 159
v 0 2
v 1 2
v 2 0
v 3 0
v 4 0
v 5 0
v 6 0
v 7 0
v 8 0
v 9 1
e 0 2 0 0.790
e 0 6 0 0.774
e 0 5 0 0.840
e 1 2 1 0.748
e 1 3 1 0.695
e 3 7 0 0.681
e 4 5 0 0.760
e 4 6 0 0.664
e 5 9 0 0.830
e 6 7 0 0.644
e 7 8 0 0.732
t # 160
v 0 0
v 1 0
v 2 0
v 3 1
v 4 1
v 5 2
v 6 1
v 7 0
v 8 5
v 9 0
e 0 3 0 0.747
e 0 4 1 0.876
e 0 2 0 0.767
e 1 2 0 0.737
e 1 3 1 0.671
e 2 7 1 0.654
e 2 8 0 0.832
e 3 8 1 0.823
e 4 5 1 0.755
t # 161
v 0 0
v 1 0
v 2 0
v 3 0
v 4 0
v 5 1
v 6 0
v 7 0
v 8 5
v 9 0
e 1 2 0 0.850
e 2 3 0 0.889
e 2 4 0 0.641
e 3 5 0 0.837
e 3 6 0 0.989
e 3 7 0 0.586
e 4 8 0 0.889
e 4 9 0 0.768
e 5 8 0 0.641
t # 162
v 0 2
v 1 0
v 2 0
v 3 0
v 4 2
v 5 0
v 6 0
v 7 0
v 8 0
v 9 1
e 0 2 0 0.692
e 1 2 0 0.609
e 2 3 0 0.752
e 2 4 0 0.891
e 4 5 0 0.765
e 4 6 0 0.705
e 5 6 0 0.854
e 5 7 0 0.658
e 7 9 0 0.679
t # 163
v 0 0
v 1 0
v 2 0
v 3 0
v 4 0
v 5 0
v 6 2
v 7 0
v 8 0
v 9 0
e 0 3 0 0.850
e 0 4 1 0.764
e 1 2 0 0.864
e 1 3 0 0.918
e 1 4 0 0.727
e 2 5 1 0.825
e 2 6 0 0.614
e 2 7 0 0.748
e 3 4 0 0.959
e 4 5 0 0.999
e 7 8 0 0.824
e 7 9 1 0.804
t # 164
v 0 1
v 1 0
v 2 0
v 3 0
v 4 0
v 5 0
v 6 0
v 7 0
v 8 0
v 9 0
e 0 3 1 0.752
e 1 2 0 0.837
e 1 3 0 0.845
e 2 8 1 0.831
e 2 9 0 0.883
e 3 4 1 0.858
e 4 5 0 0.705
e 4 6 0 0.738
e 4 7 0 0.827
t # 165
v 0 0
v 1 2
v 2 2
v 3 0
v 4 2
v 5 0
v 6 0
v 7 1
v 8 0
v 9 0
v 10 0
v 11 0
v 12 1
e 0 1 1 0.892
e 0 2 1 0.900
e 0 6 0 0.749
e 2 3 0 0.934
e 3 4 0 0.796
e 3 7 0 0.999
e 4 5 0 0.650
e 4 8 1 0.929
e 5 6 0 0.748
e 8 9 0 0.805
e 9 10 1 0.834
e 10 11 1 0.847
e 11 12 0 0.999
t # 166
v 0 4
v 1 0
v 2 2
v 3 2
v 4 0
v 5 0
v 6 0
v 7 0
v 8 0
v 9 0
v 10 0
e 0 1 0 0.734
e 1 2 1 0.820
e 1 3 0 0.968
e 1 4 0 0.999
e 2 7 0 0.817
e 2 4 0 0.758
e 3 5 0 0.821
e 3 4 0 0.811
e 4 6 1 0.820
e 4 7 0 0.700
e 5 7 1 0.721
e 5 8 1 0.833
e 6 10 0 0.625
e 6 7 1 0.922
e 7 8 0 0.802
e 8 10 0 0.785
t # 167
v 0 0
v 1 0
v 2 1
v 3 2
v 4 1
v 5 0
v 6 0
v 7 1
v 8 0
v 9 0
e 0 2 1 0.970
e 0 3 0 0.827
e 1 3 1 0.970
e 1 4 0 0.872
e 2 4 1 0.556
e 4 5 1 0.911
e 6 8 1 0.634
e 6 9 0 0.910
t # 168
v 0 0
v 1 0
v 2 0
v 3 11
v 4 1
v 5 0
v 6 0
v 7 0
v 8 0
v 9 0
e 0 2 0 0.700
e 0 3 0 0.596
e 1 4 0 0.952
e 1 5 0 0.782
e 2 6 0 0.752
e 3 6 1 0.715
e 4 5 0 0.633
e 8 9 1 0.748
t # 169
v 0 1
v 1 0
v 2 0
v 3 0
v 4 0
v 5 7
v 6 2
v 7 0
v 8 0
v 9 0
e 0 2 0 0.828
e 1 3 0 0.829
e 1 4 0 0.880
e 2 3 0 0.653
e 2 4 1 0.891
e 2 5 0 0.942
e 3 4 0 0.938
e 4 7 0 0.859
e 4 8 0 0.838
e 6 9 1 0.814
t # 170
v 0 0
v 1 0
v 2 0
v 3 1
v 4 0
v 5 0
v 6 0
v 7 0
v 8 0
v 9 0
e 0 2 0 0.744
e 0 3 0 0.829
e 1 4 0 0.720
e 2 4 0 0.963
e 3 8 1 0.883
e 4 5 0 0.745
e 5 6 0 0.963
e 5 7 1 0.753
e 6 9 0 0.733
t # 171
v 0 0
v 1 0
v 2 1
v 3 0
v 4 1
v 5 0
v 6 1
v 7 0
v 8 0
v 9 0
e 0 2 0 0.776
e 0 3 0 0.704
e 1 4 1 0.781
e 1 5 0 0.936
e 2 5 1 0.746
e 3 8 0 0.808
e 5 6 0 0.831
e 5 7 0 0.825
e 6 7 0 0.981
e 7 8 0 0.898
e 7 9 0 0.626
t # 172
v 0 0
v 1 0
v 2 0
v 3 0
v 4 0
v 5 1
v 6 1
v 7 0
v 8 1
v 9 0
e 0 4 1 0.898
e 0 3 0 0.797
e 1 2 0 0.918
e 1 3 0 0.686
e 1 4 0 0.762
e 2 3 0 0.874
e 2 4 1 0.839
e 3 5 0 0.880
e 4 5 0 0.839
e 7 8 0 0.736
e 7 9 0 0.709
t # 173
v 0 1
v 1 1
v 2 0
v 3 0
v 4 0
v 5 2
v 6 0
v 7 0
v 8 0
v 9 0
e 0 3 1 0.863
e 1 2 1 0.974
e 2 9 1 0.718
e 2 3 0 0.685
e 3 4 0 0.727
e 5 6 0 0.967
e 5 7 1 0.713
e 6 7 0 0.653
e 6 8 0 0.564
t # 174
v 0 0
v 1 1
v 2 0
v 3 1
v 4 2
v 5 2
v 6 11
v 7 2
v 8 0
v 9 1
e 0 3 0 0.818
e 0 4 0 0.797
e 0 5 1 0.660
e 1 2 0 0.877
e 2 7 0 0.607
e 2 5 1 0.721
e 2 8 0 0.927
e 3 6 0 0.624
e 4 5 0 0.837
e 4 6 1 0.837
e 5 7 1 0.908
e 8 9 0 0.789
t # 175
v 0 0
v 1 5
v 2 1
v 3 1
v 4 0
v 5 0
v 6 2
v 7 0
v 8 0
v 9 0
e 0 2 0 0.947
e 0 3 1 0.912
e 2 4 0 0.957
e 3 9 0 0.999
e 4 6 1 0.732
e 7 8 1 0.908
e 8 9 0 0.796
t # 176
v 0 0
v 1 1
v 2 5
v 3 1
v 4 5
v 5 1
v 6 5
v 7 0
v 8 1
v 9 1
e 0 3 0 0.906
e 0 4 1 0.840
e 1 2 0 0.773
e 3 6 0 0.832
e 4 7 0 0.707
e 4 8 1 0.668
e 4 9 1 0.819
t # 177
v 0 0
v 1 0
v 2 0
v 3 0
v 4 0
v 5 1
v 6 2
v 7 0
v 8 0
v 9 2
e 0 2 0 0.855
e 0 3 0 0.670
e 2 8 0 0.900
e 2 7 0 0.790
e 2 9 1 0.657
e 4 5 0 0.707
e 4 6 0 0.940
e 4 7 0 0.850
e 5 8 0 0.797
e 6 8 0 0.797
t # 178
v 0 1
v 1 0
v 2 2
v 3 0
v 4 0
v 5 0
v 6 1
v 7 0
v 8 2
v 9 0
e 0 4 0 0.803
e 1 2 1 0.911
e 1 3 0 0.800
e 1 4 1 0.682
e 2 5 1 0.817
e 2 6 0 0.768
e 3 5 0 0.633
e 4 7 0 0.788
e 4 8 0 0.830
e 7 8 1 0.801
e 7 9 0 0.727
t # 179
v 0 0
v 1 0
v 2 0
v 3 2
v 4 1
v 5 1
v 6 1
v 7 5
v 8 0
v 9 0
e 0 3 1 0.598
e 0 4 0 0.883
e 0 5 1 0.670
e 1 2 0 0.704
e 1 3 1 0.751
e 1 4 0 0.808
e 2 8 1 0.849
e 2 9 0 0.866
e 3 4 0 0.875
e 3 5 1 0.795
e 6 7 1 0.819
t # 180
v 0 1
v 1 0
v 2 0
v 3 1
v 4 1
v 5 0
v 6 0
v 7 0
v 8 0
v 9 0
v 10 0
e 0 2 1 0.806
e 1 6 0 0.737
e 1 7 0 0.738
e 2 3 0 0.821
e 2 4 0 0.796
e 2 5 0 0.927
e 3 7 1 0.678
e 4 5 1 0.941
e 5 7 0 0.910
t # 181
v 0 0
v 1 0
v 2 2
v 3 1
v 4 0
v 5 0
v 6 0
v 7 2
v 8 0
v 9 0
e 0 3 1 0.945
e 0 4 0 0.999
e 0 5 0 0.815
e 1 2 0 0.852
e 2 6 0 0.768
e 2 7 0 0.644
e 2 8 0 0.973
e 3 4 1 0.699
e 4 6 0 0.794
e 4 7 1 0.737
e 8 9 1 0.885
t # 182
v 0 1
v 1 2
v 2 0
v 3 0
v 4 0
v 5 0
v 6 0
v 7 0
v 8 2
v 9 0
e 0 6 1 0.811
e 1 2 1 0.552
e 1 3 0 0.678
e 2 4 0 0.729
e 2 5 1 0.779
e 2 3 0 0.575
e 3 7 0 0.892
e 3 8 1 0.910
e 6 9 0 0.750
t # 183
v 0 0
v 1 2
v 2 2
v 3 0
v 4 2
v 5 0
v 6 0
v 7 0
v 8 0
v 9 0
e 0 2 0 0.887
e 0 3 0 0.862
e 1 4 0 0.650
e 1 5 0 0.683
e 3 4 1 0.739
e 3 5 0 0.659
e 3 6 1 0.797
e 4 6 0 0.645
e 5 6 1 0.758
e 5 7 0 0.958
e 7 8 0 0.956
e 7 9 1 0.801
t # 184
v 0 0
v 1 0
v 2 0
v 3 1
v 4 1
v 5 0
v 6 0
v 7 0
v 8 0
v 9 0
e 0 2 1 0.821
e 0 3 0 0.710
e 0 4 1 0.733
e 1 9 0 0.702
e 2 5 0 0.999
e 2 6 0 0.723
e 3 8 0 0.871
e 3 9 1 0.980
e 5 7 0 0.758
t # 185
v 0 2
v 1 0
v 2 0
v 3 3
v 4 0
v 5 0
v 6 2
v 7 0
v 8 1
v 9 1
e 0 4 1 0.874
e 0 8 0 0.934
e 0 9 1 0.845
e 1 2 0 0.772
e 1 3 1 0.822
e 2 5 0 0.702
e 2 6 0 0.734
e 3 4 0 0.966
e 5 7 0 0.817
e 6 7 1 0.775
t # 186
v 0 0
v 1 0
v 2 0
v 3 0
v 4 0
v 5 0
v 6 1
v 7 1
v 8 0
v 9 1
v 10 1
v 11 0
e 0 1 0 0.857
e 0 2 0 0.909
e 0 5 0 0.850
e 1 4 0 0.666
e 1 2 0 0.747
e 2 3 0 0.598
e 4 9 1 0.780
e 4 10 1 0.787
e 5 6 0 0.968
e 5 7 1 0.681
e 7 8 0 0.828
e 10 11 0 0.727
t # 187
v 0 0
v 1 5
v 2 2
v 3 0
v 4 4
v 5 0
v 6 0
v 7 0
v 8 0
v 9 0
e 0 4 0 0.789
e 0 5 1 0.944
e 1 2 0 0.764
e 1 3 0 0.576
e 2 3 1 0.919
e 3 4 0 0.874
e 3 5 0 0.800
e 4 5 0 0.746
t # 188
v 0 0
v 1 0
v 2 0
v 3 0
v 4 0
v 5 0
v 6 0
v 7 0
v 8 0
v 9 1
e 0 2 0 0.788
e 0 3 1 0.697
e 1 3 0 0.850
e 1 4 0 0.687
e 2 5 0 0.769
e 2 6 1 0.740
e 6 7 0 0.769
e 6 8 0 0.850
e 6 9 1 0.580
t # 189
v 0 0
v 1 2
v 2 2
v 3 0
v 4 0
v 5 0
v 6 0
v 7 0
v 8 0
v 9 0
e 0 2 1 0.806
e 0 3 1 0.983
e 0 4 0 0.710
e 1 6 1 0.901
e 1 7 0 0.759
e 2 6 1 0.756
e 3 5 0 0.958
e 5 6 0 0.862
e 5 7 1 0.777
e 6 9 0 0.744
t # 190
v 0 0
v 1 0
v 2 0
v 3 2
v 4 0
v 5 0
v 6 0
v 7 2
v 8 1
v 9 0
e 0 4 0 0.767
e 1 2 0 0.767
e 1 3 0 0.686
e 2 4 1 0.895
e 2 6 1 0.736
e 5 7 0 0.629
e 5 8 0 0.915
e 6 9 0 0.717
t # 191
v 0 1
v 1 1
v 2 1
v 3 0
v 4 0
v 5 0
v 6 0
v 7 1
v 8 0
v 9 1
e 0 2 0 0.759
e 0 3 0 0.693
e 1 4 0 0.879
e 2 3 1 0.859
e 3 8 0 0.910
e 3 9 0 0.669
t # 192
v 0 0
v 1 0
v 2 0
v 3 0
v 4 0
v 5 0
v 6 0
v 7 0
v 8 0
v 9 0
e 0 5 0 0.788
e 0 6 0 0.827
e 1 2 1 0.858
e 1 3 0 0.714
e 2 9 0 0.797
e 3 4 0 0.893
e 4 8 1 0.590
e 6 7 0 0.750
t # 193
v 0 0
v 1 0
v 2 0
v 3 1
v 4 0
v 5 1
v 6 1
v 7 0
v 8 0
v 9 0
e 0 2 0 0.827
e 1 3 0 0.819
e 1 4 1 0.734
e 2 3 0 0.784
e 2 4 1 0.773
e 2 5 0 0.773
e 3 6 0 0.624
e 4 8 1 0.919
t # 194
v 0 2
v 1 0
v 2 3
v 3 0
v 4 5
v 5 0
v 6 0
v 7 0
v 8 1
v 9 0
e 0 3 1 0.824
e 0 4 1 0.830
e 1 2 0 0.596
e 1 3 1 0.816
e 2 4 0 0.768
e 3 6 1 0.725
e 3 7 1 0.726
e 5 8 0 0.735
e 6 7 1 0.726
e 7 8 1 0.757
t # 195
v 0 1
v 1 7
v 2 0
v 3 0
v 4 0
v 5 0
v 6 0
v 7 0
v 8 0
v 9 0
e 0 2 0 0.863
e 0 3 0 0.875
e 1 3 0 0.819
e 1 4 1 0.833
e 1 5 0 0.762
e 2 7 0 0.761
e 2 8 0 0.662
e 6 9 0 0.658
t # 196
v 0 0
v 1 0
v 2 0
v 3 2
v 4 0
v 5 0
v 6 0
v 7 0
v 8 0
v 9 2
e 1 2 0 0.851
e 1 3 1 0.858
e 2 3 0 0.853
e 2 4 0 0.812
e 3 4 1 0.888
e 3 5 0 0.776
e 4 5 0 0.771
e 4 6 0 0.737
e 6 8 0 0.717
e 6 9 1 0.910
t # 197
v 0 0
v 1 1
v 2 0
v 3 5
v 4 0
v 5 1
v 6 0
v 7 0
v 8 2
v 9 0
e 0 2 1 0.689
e 0 3 0 0.973
e 0 4 0 0.999
e 3 4 1 0.964
e 3 5 0 0.855
e 3 6 1 0.651
e 3 7 1 0.667
e 6 7 1 0.819
e 6 8 1 0.999
e 6 9 0 0.781
t # 198
v 0 0
v 1 5
v 2 0
v 3 0
v 4 0
v 5 0
v 6 4
v 7 2
v 8 0
v 9 0
e 0 3 0 0.868
e 1 2 1 0.785
e 2 6 0 0.689
e 2 7 0 0.675
e 3 7 0 0.825
e 5 8 0 0.918
e 5 9 0 0.752
e 7 9 0 0.665
t # 199
v 0 0
v 1 1
v 2 0
v 3 0
v 4 0
v 5 1
v 6 0
v 7 0
v 8 0
v 9 0
e 0 2 1 0.620
e 0 3 0 0.919
e 0 4 0 0.845
e 1 6 0 0.792
e 3 5 0 0.581
e 3 6 0 0.890
e 4 8 1 0.695
e 5 6 0 0.918
e 6 8 1 0.846
e 7 8 0 0.800
e 7 9 1 0.891
t # 200
v 0 0
v 1 0
v 2 2
v 3 0
v 4 0
v 5 0
v 6 2
v 7 2
v 8 0
v 9 0
e 0 2 1 0.584
e 0 3 0 0.867
e 0 4 0 0.793
e 1 7 0 0.884
e 1 6 0 0.910
e 1 8 1 0.933
e 2 3 0 0.872
e 2 4 0 0.753
e 3 4 0 0.954
e 3 5 0 0.881
e 3 6 0 0.802
e 5 9 1 0.899
t # 201
v 0 0
v 1 1
v 2 0
v 3 0
v 4 0
v 5 0
v 6 0
v 7 0
v 8 1
v 9 1
e 0 7 0 0.577
e 0 2 1 0.790
e 0 8 0 0.850
e 1 2 0 0.927
e 1 3 0 0.759
e 2 4 0 0.717
e 3 6 0 0.706
e 3 5 0 0.937
e 4 9 0 0.796
t # 202
v 0 5
v 1 1
v 2 0
v 3 1
v 4 5
v 5 0
v 6 1
v 7 1
v 8 1
v 9 0
e 0 2 0 0.699
e 0 3 0 0.823
e 0 4 1 0.631
e 0 5 1 0.722
e 1 6 1 0.821
e 2 4 0 0.999
e 2 5 0 0.809
e 4 5 1 0.637
e 4 6 0 0.786
e 4 7 1 0.671
e 4 8 1 0.827
e 6 9 0 0.899
t # 203
v 0 1
v 1 0
v 2 0
v 3 2
v 4 0
v 5 0
v 6 1
v 7 0
v 8 0
v 9 0
e 0 2 0 0.895
e 0 3 0 0.798
e 1 2 0 0.763
e 1 3 0 0.722
e 3 8 0 0.695
e 3 9 1 0.854
e 4 5 1 0.567
e 5 8 0 0.763
t # 204
v 0 0
v 1 0
v 2 0
v 3 1
v 4 1
v 5 2
v 6 0
v 7 2
v 8 0
v 9 0
e 1 2 0 0.766
e 1 3 1 0.766
e 2 9 0 0.737
e 3 5 1 0.969
e 4 5 0 0.844
e 5 7 1 0.999
e 6 7 0 0.814
e 6 8 0 0.698
e 7 8 0 0.632
t # 205
v 0 0
v 1 0
v 2 2
v 3 1
v 4 2
v 5 1
v 6 0
v 7 0
v 8 2
v 9 0
e 0 2 0 0.736
e 0 3 1 0.874
e 0 4 0 0.671
e 1 5 0 0.729
e 1 6 0 0.774
e 1 7 1 0.929
e 2 4 0 0.672
e 7 8 0 0.939
e 7 9 0 0.799
t # 206
v 0 1
v 1 0
v 2 0
v 3 0
v 4 0
v 5 0
v 6 0
v 7 0
v 8 0
v 9 0
e 0 2 1 0.756
e 0 3 0 0.665
e 1 4 1 0.853
e 1 5 0 0.885
e 2 6 0 0.900
e 3 4 0 0.895
e 3 9 0 0.702
e 4 7 0 0.838
e 4 8 0 0.900
e 5 6 0 0.900
t # 207
v 0 0
v 1 0
v 2 0
v 3 0
v 4 0
v 5 0
v 6 5
v 7 0
v 8 2
v 9 0
e 0 2 0 0.751
e 0 3 0 0.743
e 1 4 0 0.567
e 1 5 1 0.911
e 2 4 0 0.776
e 2 8 0 0.701
e 3 6 0 0.781
e 3 7 0 0.780
e 4 8 0 0.786
e 8 9 1 0.999
t # 208
v 0 2
v 1 0
v 2 0
v 3 0
v 4 0
v 5 0
v 6 0
v 7 0
v 8 0
v 9 0
e 0 6 0 0.701
e 0 7 0 0.931
e 0 8 0 0.947
e 1 2 0 0.947
e 1 3 0 0.845
e 2 9 0 0.918
e 3 4 0 0.820
e 4 5 0 0.804
t # 209
v 0 0
v 1 0
v 2 2
v 3 2
v 4 0
v 5 0
v 6 0
v 7 0
v 8 0
v 9 5
e 0 1 1 0.733
e 0 4 0 0.790
e 1 2 1 0.643
e 2 3 1 0.836
e 2 4 0 0.910
e 3 7 0 0.830
e 4 6 1 0.656
e 6 8 0 0.658
t # 210
v 0 5
v 1 2
v 2 0
v 3 0
v 4 1
v 5 0
v 6 1
v 7 0
v 8 0
v 9 0
e 0 2 1 0.871
e 1 3 1 0.764
e 1 2 0 0.661
e 2 4 1 0.784
e 2 3 0 0.948
e 2 5 0 0.932
e 3 8 0 0.666
e 4 8 0 0.933
e 5 7 0 0.976
e 8 9 0 0.926
t # 211
v 0 17
v 1 0
v 2 0
v 3 0
v 4 0
v 5 0
v 6 0
v 7 0
v 8 0
v 9 0
e 0 2 0 0.784
e 0 3 0 0.776
e 0 4 0 0.984
e 0 5 0 0.781
e 1 3 0 0.832
e 1 4 0 0.789
e 2 8 0 0.634
e 2 9 0 0.724
e 3 5 0 0.955
t # 212
v 0 0
v 1 0
v 2 2
v 3 0
v 4 0
v 5 0
v 6 1
v 7 0
v 8 1
v 9 1
e 0 4 0 0.890
e 0 5 0 0.715
e 1 2 1 0.876
e 1 3 0 0.751
e 2 4 0 0.759
e 2 5 0 0.822
t # 213
v 0 1
v 1 0
v 2 1
v 3 3
v 4 0
v 5 1
v 6 0
v 7 0
v 8 1
v 9 0
e 0 1 0 0.699
e 1 2 0 0.736
e 1 3 1 0.895
e 2 3 0 0.775
e 2 4 0 0.854
e 3 7 0 0.749
e 6 8 1 0.738
e 7 8 0 0.713
t # 214
v 0 1
v 1 0
v 2 5
v 3 8
v 4 0
v 5 0
v 6 0
v 7 0
v 8 1
v 9 1
e 0 2 1 0.905
e 1 3 0 0.703
e 2 7 1 0.912
e 2 8 0 0.798
e 2 9 1 0.698
t # 215
v 0 0
v 1 0
v 2 0
v 3 0
v 4 0
v 5 0
v 6 0
v 7 0
v 8 0
v 9 0
e 0 2 0 0.797
e 0 3 1 0.799
e 0 4 1 0.821
e 1 3 0 0.778
e 1 4 0 0.721
e 2 5 1 0.674
e 2 4 0 0.838
e 3 5 0 0.772
e 4 5 0 0.689
e 5 6 0 0.643
t # 216
v 0 2
v 1 0
v 2 0
v 3 0
v 4 0
v 5 0
v 6 0
v 7 0
v 8 5
v 9 0
e 0 2 0 0.804
e 0 3 0 0.880
e 1 8 0 0.698
e 1 6 0 0.765
e 2 3 0 0.837
e 2 4 1 0.871
e 4 7 0 0.758
e 6 9 0 0.755
e 7 9 1 0.708
t # 217
v 0 2
v 1 2
v 2 0
v 3 1
v 4 0
v 5 0
v 6 0
v 7 4
v 8 0
v 9 2
e 0 2 1 0.743
e 0 3 0 0.878
e 1 2 0 0.706
e 2 4 0 0.786
e 3 6 0 0.759
e 6 9 0 0.618
t # 218
v 0 2
v 1 5
v 2 2
v 3 0
v 4 0
v 5 0
v 6 2
v 7 0
v 8 0
v 9 0
e 0 5 1 0.783
e 0 6 1 0.828
e 1 2 0 0.669
e 1 3 0 0.887
e 1 4 1 0.821
e 1 5 1 0.850
e 2 6 1 0.794
e 2 7 0 0.855
e 2 8 0 0.858
e 3 8 0 0.739
e 3 9 0 0.944
e 5 6 0 0.852
t # 219
v 0 1
v 1 2
v 2 1
v 3 0
v 4 0
v 5 0
v 6 0
v 7 0
v 8 0
v 9 0
e 0 7 1 0.739
e 1 2 0 0.918
e 1 3 0 0.952
e 3 8 0 0.804
e 3 9 0 0.861
e 5 6 0 0.758
e 5 7 1 0.610
e 6 7 1 0.837
t # 220
v 0 5
v 1 1
v 2 0
v 3 0
v 4 1
v 5 0
v 6 0
v 7 0
v 8 0
v 9 0
v 10 0
v 11 0
v 12 0
v 13 0
v 14 0
e 0 1 0 0.999
e 0 2 1 0.893
e 0 3 0 0.756
e 0 4 0 0.745
e 2 5 1 0.824
e 2 9 1 0.783
e 3 10 1 0.745
e 3 14 1 0.702
e 5 6 0 0.950
e 6 7 1 0.854
e 7 8 0 0.799
e 8 9 1 0.589
e 10 11 0 0.813
e 11 12 1 0.786
e 12 13 0 0.999
e 13 14 0 0.754
t # 221
v 0 0
v 1 1
v 2 2
v 3 0
v 4 0
v 5 2
v 6 1
v 7 0
v 8 0
v 9 1
e 0 3 1 0.638
e 0 4 0 0.871
e 1 2 0 0.788
e 2 3 1 0.948
e 2 7 0 0.735
e 3 5 0 0.690
e 3 6 1 0.906
e 5 6 0 0.919
e 6 7 0 0.763
e 7 8 0 0.684
t # 222
v 0 0
v 1 0
v 2 0
v 3 2
v 4 0
v 5 0
v 6 0
v 7 0
v 8 0
v 9 1
e 0 2 0 0.911
e 0 3 0 0.982
e 1 3 0 0.831
e 2 4 0 0.695
e 3 4 0 0.733
e 3 5 1 0.706
e 5 7 1 0.877
e 7 8 0 0.787
t # 223
v 0 0
v 1 2
v 2 3
v 3 2
v 4 0
v 5 1
v 6 0
v 7 2
v 8 0
v 9 2
e 0 2 0 0.706
e 0 3 0 0.844
e 1 3 0 0.948
e 1 4 0 0.835
e 2 5 0 0.758
e 3 8 0 0.902
e 5 8 0 0.796
t # 224
v 0 0
v 1 0
v 2 0
v 3 5
v 4 0
v 5 2
v 6 1
v 7 0
v 8 0
v 9 0
e 0 3 0 0.771
e 0 4 0 0.867
e 0 5 1 0.829
e 1 2 1 0.726
e 1 3 0 0.690
e 1 4 1 0.769
e 2 8 0 0.551
e 2 9 0 0.793
e 3 5 0 0.859
e 3 6 0 0.807
e 6 7 0 0.773
t # 225
v 0 0
v 1 1
v 2 0
v 3 1
v 4 0
v 5 0
v 6 0
v 7 0
v 8 0
v 9 0
e 0 2 0 0.746
e 0 3 0 0.934
e 1 9 0 0.955
e 2 8 0 0.697
e 2 9 1 0.732
e 3 5 1 0.862
e 4 7 0 0.789
e 5 6 0 0.903
e 5 7 1 0.769
t # 226
v 0 0
v 1 0
v 2 0
v 3 0
v 4 0
v 5 0
v 6 0
v 7 5
v 8 1
v 9 0
e 0 4 1 0.799
e 0 5 0 0.701
e 1 2 0 0.992
e 1 3 1 0.819
e 2 5 0 0.822
e 3 4 0 0.800
e 4 5 1 0.653
t # 227
v 0 0
v 1 0
v 2 2
v 3 0
v 4 5
v 5 0
v 6 0
v 7 0
v 8 0
v 9 1
e 0 2 0 0.748
e 0 3 0 0.660
e 1 4 0 0.860
e 1 5 0 0.800
e 2 4 0 0.872
e 2 5 1 0.717
e 3 5 0 0.890
e 6 8 0 0.972
e 6 9 0 0.735
t # 228
v 0 0
v 1 0
v 2 0
v 3 0
v 4 3
v 5 1
v 6 0
v 7 0
v 8 0
v 9 0
v 10 0
e 0 6 0 0.891
e 0 4 1 0.945
e 1 2 0 0.787
e 1 3 0 0.754
e 1 4 0 0.746
e 2 3 0 0.683
e 3 4 0 0.879
e 7 8 0 0.924
t # 229
v 0 0
v 1 1
v 2 2
v 3 1
v 4 1
v 5 2
v 6 0
v 7 0
v 8 0
v 9 0
e 1 2 0 0.843
e 2 7 0 0.749
e 2 8 0 0.823
e 3 5 1 0.811
e 4 6 1 0.872
e 5 7 1 0.751
e 7 8 1 0.556
e 7 9 0 0.909
t # 230
v 0 0
v 1 0
v 2 0
v 3 2
v 4 0
v 5 2
v 6 0
v 7 6
v 8 0
v 9 0
e 0 2 0 0.726
e 0 3 0 0.871
e 1 3 1 0.699
e 1 5 0 0.771
e 2 3 1 0.775
e 2 4 0 0.678
e 3 8 0 0.786
e 4 6 0 0.832
e 4 7 0 0.756
e 5 6 1 0.840
e 5 8 0 0.718
e 5 9 0 0.927
t # 231
v 0 0
v 1 1
v 2 0
v 3 0
v 4 0
v 5 0
v 6 1
v 7 0
v 8 1
v 9 1
e 0 2 0 0.697
e 0 3 1 0.720
e 0 4 0 0.644
e 1 3 1 0.826
e 2 3 0 0.958
e 3 4 0 0.962
e 3 5 0 0.550
e 4 6 0 0.543
e 4 7 0 0.700
e 4 8 0 0.637
e 8 9 1 0.896
t # 232
v 0 2
v 1 0
v 2 0
v 3 2
v 4 0
v 5 0
v 6 0
v 7 1
v 8 0
v 9 0
e 0 2 0 0.832
e 0 3 0 0.963
e 1 6 0 0.985
e 1 7 0 0.713
e 1 8 0 0.694
e 2 9 0 0.773
e 3 4 0 0.757
e 3 5 0 0.814
e 7 9 0 0.773
t # 233
v 0 0
v 1 0
v 2 0
v 3 0
v 4 0
v 5 0
v 6 0
v 7 0
v 8 2
v 9 0
e 0 2 0 0.685
e 0 3 1 0.786
e 1 4 0 0.893
e 1 5 1 0.999
e 2 4 0 0.604
e 2 6 0 0.733
e 2 7 0 0.712
e 5 8 0 0.604
e 5 9 0 0.717
e 7 8 0 0.733
t # 234
v 0 0
v 1 2
v 2 0
v 3 0
v 4 0
v 5 0
v 6 4
v 7 0
v 8 0
v 9 0
e 0 6 0 0.944
e 0 7 0 0.917
e 1 2 0 0.691
e 1 3 0 0.613
e 2 4 0 0.838
e 2 5 0 0.954
e 2 6 1 0.877
e 3 5 0 0.769
e 3 4 0 0.911
e 4 7 0 0.738
t # 235
v 0 0
v 1 0
v 2 0
v 3 1
v 4 0
v 5 1
v 6 1
v 7 5
v 8 0
v 9 0
e 0 4 1 0.779
e 0 5 0 0.934
e 0 6 1 0.805
e 1 2 1 0.908
e 1 3 0 0.684
e 2 6 0 0.864
e 3 7 1 0.711
e 4 8 0 0.913
e 5 7 1 0.893
e 6 7 1 0.872
t # 236
v 0 2
v 1 1
v 2 0
v 3 1
v 4 0
v 5 0
v 6 0
v 7 0
v 8 1
v 9 0
e 0 4 0 0.916
e 0 5 1 0.964
e 1 2 0 0.752
e 1 3 0 0.742
e 3 5 1 0.604
e 5 9 0 0.811
t # 237
v 0 0
v 1 0
v 2 2
v 3 0
v 4 1
v 5 1
v 6 0
v 7 0
v 8 5
v 9 5
e 0 4 0 0.834
e 0 5 1 0.969
e 0 6 0 0.837
e 1 2 1 0.736
e 1 3 0 0.797
e 2 7 1 0.870
e 2 6 1 0.854
e 3 5 0 0.814
e 3 6 0 0.999
e 4 8 1 0.810
e 5 9 1 0.736
t # 238
v 0 0
v 1 0
v 2 0
v 3 0
v 4 0
v 5 1
v 6 1
v 7 0
v 8 0
v 9 1
e 0 8 0 0.720
e 0 9 0 0.742
e 1 2 1 0.999
e 1 3 1 0.795
e 1 4 0 0.987
e 4 5 0 0.901
e 4 6 0 0.922
e 5 7 0 0.931
t # 239
v 0 0
v 1 0
v 2 0
v 3 0
v 4 0
v 5 0
v 6 0
v 7 0
v 8 1
v 9 0
e 0 2 0 0.801
e 0 3 2 0.865
e 0 4 1 0.822
e 1 7 0 0.710
e 2 4 1 0.814
e 2 5 0 0.792
e 3 4 0 0.742
e 3 9 1 0.884
e 5 8 1 0.814
e 6 8 0 0.792
e 6 9 0 0.628
t # 240
v 0 0
v 1 2
v 2 0
v 3 0
v 4 2
v 5 0
v 6 0
v 7 0
v 8 2
v 9 0
e 0 2 0 0.774
e 0 3 0 0.776
e 1 4 0 0.999
e 2 3 0 0.731
e 3 5 0 0.731
e 3 4 0 0.780
e 4 6 0 0.874
e 4 9 0 0.859
e 5 8 1 0.807
e 7 9 0 0.729
e 8 9 0 0.743
t # 241
v 0 0
v 1 5
v 2 0
v 3 2
v 4 0
v 5 5
v 6 0
v 7 0
v 8 0
v 9 0
v 10 0
e 0 6 0 0.905
e 0 7 1 0.983
e 1 2 0 0.728
e 1 3 0 0.510
e 2 6 0 0.905
e 2 7 1 0.983
e 3 6 0 0.734
e 4 6 0 0.700
e 6 8 0 0.634
t # 242
v 0 5
v 1 1
v 2 0
v 3 0
v 4 1
v 5 0
v 6 0
v 7 0
v 8 0
v 9 0
e 0 2 0 0.849
e 0 3 0 0.754
e 0 4 1 0.999
e 0 5 1 0.861
e 1 3 0 0.690
e 2 5 1 0.855
e 3 5 0 0.650
e 3 6 1 0.874
e 4 7 0 0.846
e 6 8 0 0.908
e 6 9 0 0.668
t # 243
v 0 0
v 1 0
v 2 2
v 3 2
v 4 1
v 5 1
v 6 0
v 7 0
v 8 5
v 9 0
e 0 3 1 0.932
e 0 4 1 0.570
e 1 2 1 0.955
e 1 3 0 0.831
e 1 4 0 0.740
e 2 8 1 0.992
e 4 7 1 0.722
e 5 6 0 0.805
e 7 9 1 0.712
t # 244
v 0 0
v 1 0
v 2 5
v 3 2
v 4 0
v 5 0
v 6 0
v 7 0
v 8 0
v 9 0
e 0 4 1 0.833
e 0 5 0 0.894
e 1 2 0 0.695
e 1 3 1 0.542
e 2 6 1 0.769
e 2 4 0 0.693
e 3 4 0 0.691
e 3 5 1 0.778
e 4 5 0 0.680
e 5 6 1 0.726
e 6 9 0 0.779
e 7 8 0 0.844
e 7 9 0 0.797
t # 245
v 0 0
v 1 1
v 2 0
v 3 0
v 4 0
v 5 0
v 6 0
v 7 1
v 8 0
v 9 0
e 0 2 0 0.844
e 0 3 0 0.818
e 1 4 0 0.867
e 2 5 0 0.847
e 2 6 1 0.790
e 2 7 0 0.854
e 3 7 0 0.730
e 3 8 0 0.715
e 3 9 0 0.886
e 4 5 0 0.696
e 5 6 0 0.867
e 5 8 1 0.814
t # 246
v 0 0
v 1 0
v 2 2
v 3 0
v 4 1
v 5 0
v 6 0
v 7 0
v 8 0
v 9 2
e 0 2 0 0.550
e 0 3 0 0.999
e 1 5 0 0.686
e 1 6 0 0.886
e 2 7 1 0.810
e 2 8 1 0.775
e 3 4 0 0.735
e 3 5 0 0.770
e 4 6 0 0.934
e 5 7 0 0.645
e 5 8 0 0.954
e 6 8 1 0.864
e 6 9 0 0.986
t # 247
v 0 0
v 1 0
v 2 0
v 3 0
v 4 1
v 5 0
v 6 0
v 7 3
v 8 0
v 9 0
e 0 3 0 0.938
e 0 4 0 0.933
e 1 2 0 0.664
e 2 5 0 0.963
e 5 8 0 0.999
e 5 9 0 0.683
t # 248
v 0 0
v 1 0
v 2 0
v 3 1
v 4 0
v 5 0
v 6 1
v 7 0
v 8 0
v 9 0
e 0 1 0 0.744
e 0 3 1 0.604
e 0 4 0 0.739
e 1 2 0 0.539
e 2 9 0 0.720
e 5 6 0 0.848
e 6 7 0 0.802
e 6 8 0 0.575
e 7 9 0 0.862
t # 249
v 0 0
v 1 0
v 2 0
v 3 3
v 4 0
v 5 1
v 6 0
v 7 0
v 8 0
v 9 0
e 0 4 0 0.695
e 0 3 0 0.687
e 0 5 1 0.826
e 1 2 0 0.691
e 1 3 0 0.702
e 2 3 0 0.999
e 2 4 0 0.756
e 2 5 1 0.787
e 3 4 1 0.914
t # 250
v 0 5
v 1 0
v 2 0
v 3 1
v 4 0
v 5 0
v 6 0
v 7 5
v 8 1
v 9 0
v 10 0
v 11 0
e 0 2 0 0.764
e 0 11 0 0.999
e 1 2 0 0.572
e 1 3 0 0.943
e 1 4 1 0.778
e 2 3 1 0.806
e 2 4 1 0.817
e 2 5 1 0.897
e 3 7 1 0.593
e 4 5 1 0.911
e 4 6 0 0.899
e 4 7 1 0.678
t # 251
v 0 0
v 1 0
v 2 0
v 3 0
v 4 0
v 5 0
v 6 0
v 7 2
v 8 0
v 9 0
e 0 5 0 0.992
e 1 2 0 0.700
e 1 3 0 0.702
e 2 4 0 0.775
e 2 5 0 0.724
e 2 6 1 0.727
e 3 7 1 0.882
e 3 8 0 0.815
e 5 9 0 0.775
e 6 9 0 0.724
e 7 9 1 0.727
t # 252
v 0 1
v 1 2
v 2 0
v 3 0
v 4 1
v 5 0
v 6 0
v 7 0
v 8 0
v 9 0
v 10 1
e 0 2 0 0.762
e 0 3 0 0.825
e 1 2 0 0.938
e 1 5 0 0.773
e 2 4 1 0.795
e 2 5 1 0.811
e 3 6 0 0.840
e 4 5 0 0.840
e 5 10 0 0.831
t # 253
v 0 1
v 1 1
v 2 7
v 3 0
v 4 0
v 5 0
v 6 0
v 7 4
v 8 0
v 9 0
e 0 3 0 0.739
e 0 4 0 0.623
e 1 2 0 0.744
e 2 5 0 0.802
e 2 6 0 0.999
e 2 7 0 0.624
e 5 8 0 0.945
e 5 9 0 0.769
t # 254
v 0 0
v 1 0
v 2 0
v 3 0
v 4 1
v 5 0
v 6 0
v 7 1
v 8 1
v 9 0
e 0 2 0 0.708
e 1 6 0 0.596
e 1 7 0 0.856
e 1 8 1 0.715
e 2 5 0 0.716
e 3 9 0 0.789
e 3 6 0 0.659
t # 255
v 0 0
v 1 1
v 2 0
v 3 0
v 4 0
v 5 0
v 6 3
v 7 0
v 8 0
v 9 1
e 0 2 0 0.663
e 0 3 0 0.936
e 2 4 0 0.928
e 2 5 0 0.816
e 2 6 1 0.740
e 5 7 0 0.928
e 5 8 0 0.786
e 5 9 1 0.696
e 6 7 0 0.816
t # 256
v 0 0
v 1 5
v 2 0
v 3 0
v 4 0
v 5 1
v 6 8
v 7 1
v 8 0
v 9 1
e 0 3 0 0.898
e 0 4 0 0.920
e 0 5 1 0.796
e 1 2 0 0.819
e 1 3 0 0.627
e 5 6 1 0.914
t # 257
v 0 0
v 1 1
v 2 0
v 3 2
v 4 2
v 5 5
v 6 0
v 7 0
v 8 1
v 9 1
e 0 3 1 0.770
e 0 4 1 0.822
e 0 5 0 0.718
e 1 2 1 0.684
e 2 3 0 0.864
e 2 4 0 0.754
e 2 5 0 0.841
e 5 7 0 0.788
e 5 8 1 0.771
e 5 9 1 0.823
t # 258
v 0 2
v 1 1
v 2 1
v 3 5
v 4 5
v 5 0
v 6 0
v 7 0
v 8 1
v 9 1
e 0 2 0 0.773
e 0 3 0 0.670
e 1 4 1 0.820
e 2 3 1 0.812
e 3 5 0 0.772
e 3 6 0 0.582
e 4 7 1 0.912
e 4 8 0 0.668
e 4 9 1 0.777
t # 259
v 0 5
v 1 0
v 2 0
v 3 0
v 4 0
v 5 0
v 6 2
v 7 0
v 8 0
v 9 0
e 0 2 0 0.752
e 1 3 0 0.757
e 1 8 0 0.795
e 1 9 0 0.680
e 2 3 1 0.798
e 2 4 1 0.997
e 3 4 1 0.829
e 3 5 0 0.639
e 5 6 0 0.705
e 5 7 0 0.999
t # 260
v 0 5
v 1 5
v 2 0
v 3 1
v 4 1
v 5 1
v 6 0
v 7 1
v 8 1
v 9 1
e 0 2 0 0.693
e 0 3 1 0.942
e 0 4 1 0.795
e 0 5 1 0.783
e 1 6 0 0.709
e 1 7 0 0.702
e 1 8 1 0.605
e 1 9 1 0.733
t # 261
v 0 0
v 1 1
v 2 0
v 3 2
v 4 0
v 5 0
v 6 0
v 7 0
v 8 0
v 9 1
e 0 8 0 0.823
e 0 2 0 0.999
e 1 2 1 0.901
e 1 3 0 0.834
e 3 4 0 0.889
e 3 5 0 0.790
e 4 6 1 0.905
e 5 8 0 0.958
e 7 8 1 0.721
t # 262
v 0 0
v 1 0
v 2 0
v 3 0
v 4 0
v 5 0
v 6 0
v 7 0
v 8 8
v 9 0
e 0 2 2 0.857
e 1 2 2 0.789
e 1 3 0 0.739
e 2 4 0 0.797
e 3 5 0 0.999
e 3 6 0 0.819
e 4 5 0 0.841
e 6 8 2 0.836
e 7 9 1 0.877
t # 263
v 0 0
v 1 0
v 2 0
v 3 0
v 4 0
v 5 0
v 6 5
v 7 0
v 8 0
v 9 0
v 10 0
v 11 0
v 12 0
e 0 2 1 0.703
e 0 3 0 0.627
e 1 4 1 0.999
e 1 5 1 0.908
e 1 6 1 0.733
e 2 6 0 0.807
e 2 7 0 0.822
e 2 8 1 0.887
e 3 7 0 0.787
e 3 6 0 0.857
e 4 5 1 0.818
e 4 6 0 0.750
e 7 8 0 0.949
t # 264
v 0 0
v 1 0
v 2 0
v 3 0
v 4 0
v 5 1
v 6 0
v 7 0
v 8 0
v 9 0
e 0 2 0 0.882
e 0 3 0 0.826
e 0 4 0 0.910
e 1 5 1 0.700
e 1 6 0 0.656
e 2 4 1 0.841
e 2 5 0 0.819
e 3 4 1 0.867
e 3 6 1 0.805
e 3 7 0 0.864
t # 265
v 0 0
v 1 1
v 2 0
v 3 2
v 4 5
v 5 0
v 6 0
v 7 5
v 8 0
v 9 0
e 0 3 0 0.852
e 0 2 0 0.863
e 0 4 0 0.735
e 1 2 0 0.888
e 2 3 0 0.770
e 2 4 1 0.728
e 3 9 0 0.691
e 4 5 0 0.892
t # 266
v 0 0
v 1 1
v 2 0
v 3 0
v 4 2
v 5 5
v 6 0
v 7 1
v 8 1
v 9 1
e 0 3 0 0.773
e 0 2 0 0.904
e 1 2 1 0.773
e 2 4 1 0.770
e 2 5 0 0.730
e 5 6 0 0.966
e 5 7 0 0.753
e 5 8 1 0.766
e 5 9 1 0.726
t # 267
v 0 0
v 1 0
v 2 0
v 3 1
v 4 0
v 5 2
v 6 0
v 7 5
v 8 0
v 9 0
e 0 2 1 0.999
e 0 3 0 0.699
e 1 3 0 0.814
e 1 4 0 0.856
e 2 6 0 0.690
e 2 7 1 0.721
e 2 8 0 0.667
e 3 4 0 0.801
e 4 6 0 0.794
e 5 9 0 0.827
t # 268
v 0 1
v 1 2
v 2 1
v 3 0
v 4 0
v 5 0
v 6 0
v 7 1
v 8 2
v 9 2
e 0 2 0 0.900
e 0 3 0 0.813
e 1 6 0 0.898
e 1 7 1 0.762
e 2 3 1 0.781
e 4 6 1 0.882
e 4 9 0 0.944
e 5 6 0 0.930
e 5 7 0 0.909
e 5 8 0 0.818
t # 269
v 0 0
v 1 1
v 2 0
v 3 1
v 4 0
v 5 1
v 6 0
v 7 0
v 8 0
v 9 0
e 0 2 0 0.951
e 1 3 0 0.690
e 2 5 0 0.791
e 2 6 0 0.667
e 3 4 0 0.622
e 7 8 0 0.909
e 7 9 0 0.690
t # 270
v 0 1
v 1 1
v 2 1
v 3 0
v 4 5
v 5 1
v 6 8
v 7 0
v 8 1
v 9 0
v 10 0
e 0 2 0 0.768
e 1 2 1 0.723
e 2 4 0 0.689
e 3 6 0 0.795
e 3 7 1 0.800
e 3 8 0 0.853
e 4 5 0 0.757
e 4 6 1 0.707
e 4 7 0 0.839
t # 271
v 0 1
v 1 0
v 2 0
v 3 0
v 4 0
v 5 0
v 6 0
v 7 0
v 8 0
v 9 0
e 0 2 1 0.909
e 0 3 0 0.758
e 1 5 0 0.819
e 1 6 0 0.693
e 1 7 1 0.880
e 2 3 0 0.681
e 2 4 0 0.686
e 3 4 0 0.834
e 3 5 0 0.741
e 3 6 1 0.650
e 4 8 0 0.844
e 7 9 0 0.932
t # 272
v 0 2
v 1 7
v 2 0
v 3 0
v 4 0
v 5 1
v 6 0
v 7 0
v 8 0
v 9 0
e 0 3 0 0.750
e 0 4 0 0.576
e 0 5 0 0.932
e 1 2 0 0.721
e 1 3 0 0.595
e 1 4 1 0.824
e 1 5 0 0.848
e 2 6 1 0.774
e 4 6 0 0.650
e 4 5 0 0.794
e 6 7 0 0.716
e 7 8 0 0.936
e 7 9 0 0.937
t # 273
v 0 2
v 1 0
v 2 0
v 3 0
v 4 0
v 5 1
v 6 0
v 7 0
v 8 0
v 9 0
e 0 2 0 0.901
e 0 3 1 0.772
e 0 4 0 0.983
e 2 7 0 0.693
e 2 4 0 0.927
e 2 8 1 0.989
e 4 5 0 0.999
e 4 6 0 0.724
e 6 9 0 0.661
t # 274
v 0 2
v 1 2
v 2 0
v 3 0
v 4 0
v 5 1
v 6 2
v 7 0
v 8 0
v 9 0
e 0 2 0 0.729
e 0 6 0 0.903
e 1 2 1 0.682
e 1 3 0 0.945
e 2 3 0 0.944
e 2 4 0 0.803
e 3 5 0 0.705
e 3 6 0 0.688
e 4 7 0 0.824
e 5 6 0 0.818
e 6 8 0 0.785
t # 275
v 0 0
v 1 0
v 2 0
v 3 3
v 4 0
v 5 1
v 6 0
v 7 0
v 8 0
v 9 0
e 0 2 0 0.762
e 0 3 0 0.887
e 1 3 0 0.770
e 1 4 0 0.662
e 1 5 1 0.960
e 2 5 0 0.679
e 2 6 0 0.869
e 3 8 0 0.928
e 4 6 1 0.717
e 6 7 0 0.622
e 7 9 0 0.872
t # 276
v 0 0
v 1 0
v 2 0
v 3 0
v 4 3
v 5 0
v 6 0
v 7 0
v 8 0
v 9 0
e 0 2 0 0.810
e 1 3 0 0.820
e 1 2 0 0.715
e 6 8 0 0.840
e 6 9 0 0.727
e 7 9 0 0.812
t # 277
v 0 0
v 1 0
v 2 0
v 3 0
v 4 0
v 5 0
v 6 0
v 7 1
v 8 0
v 9 0
e 0 2 0 0.813
e 0 3 1 0.892
e 1 6 0 0.793
e 1 7 1 0.803
e 1 5 0 0.874
e 2 3 1 0.892
e 3 4 1 0.669
e 3 8 0 0.793
e 3 7 0 0.835
e 4 8 0 0.800
e 5 9 0 0.886
t # 278
v 0 0
v 1 0
v 2 0
v 3 0
v 4 0
v 5 0
v 6 0
v 7 0
v 8 0
v 9 0
e 0 2 1 0.754
e 0 3 0 0.758
e 2 6 0 0.768
e 3 4 1 0.774
e 3 5 1 0.817
e 4 9 1 0.687
e 5 6 0 0.768
e 6 7 0 0.806
e 6 8 0 0.904
t # 279
v 0 0
v 1 1
v 2 1
v 3 0
v 4 0
v 5 0
v 6 0
v 7 2
v 8 0
v 9 1
e 0 2 0 0.792
e 0 3 0 0.999
e 0 4 1 0.883
e 1 6 0 0.708
e 2 8 0 0.771
e 3 5 0 0.573
e 4 7 0 0.992
e 4 8 0 0.737
e 5 9 0 0.898
e 6 8 0 0.771
e 7 9 0 0.849
t # 280
v 0 0
v 1 0
v 2 1
v 3 0
v 4 0
v 5 0
v 6 0
v 7 0
v 8 1
v 9 1
e 0 2 0 0.787
e 0 3 1 0.753
e 1 4 0 0.935
e 1 5 0 0.708
e 1 6 0 0.838
e 2 3 1 0.999
e 3 6 1 0.687
e 3 7 0 0.681
e 3 8 1 0.710
t # 281
v 0 1
v 1 0
v 2 0
v 3 0
v 4 0
v 5 0
v 6 0
v 7 1
v 8 0
v 9 0
v 10 1
e 0 4 0 0.999
e 0 2 0 0.706
e 1 2 0 0.749
e 1 3 0 0.738
e 2 3 0 0.825
e 2 4 0 0.995
e 2 5 0 0.743
e 3 4 0 0.791
e 4 6 0 0.816
e 5 7 1 0.672
t # 282
v 0 0
v 1 0
v 2 0
v 3 0
v 4 0
v 5 1
v 6 0
v 7 1
v 8 0
v 9 0
e 0 7 0 0.643
e 1 2 0 0.876
e 1 3 0 0.999
e 2 3 0 0.999
e 3 4 1 0.751
e 3 5 1 0.764
e 4 6 0 0.846
e 4 7 0 0.740
e 5 8 0 0.678
e 7 8 0 0.778
e 7 9 0 0.766
t # 283
v 0 0
v 1 0
v 2 0
v 3 1
v 4 0
v 5 5
v 6 0
v 7 0
v 8 0
v 9 0
e 0 5 1 0.777
e 0 6 0 0.628
e 1 2 1 0.717
e 1 3 0 0.773
e 1 4 1 0.788
e 2 3 0 0.735
e 3 4 1 0.766
e 4 6 0 0.889
e 4 7 0 0.842
e 6 8 1 0.938
e 6 9 0 0.945
t # 284
v 0 0
v 1 0
v 2 2
v 3 2
v 4 1
v 5 0
v 6 0
v 7 0
v 8 2
v 9 0
e 0 2 0 0.744
e 0 3 0 0.661
e 0 4 0 0.839
e 2 6 0 0.855
e 2 7 0 0.753
e 2 8 0 0.933
e 3 9 0 0.810
e 4 5 0 0.837
e 8 9 0 0.786
t # 285
v 0 0
v 1 0
v 2 0
v 3 0
v 4 0
v 5 0
v 6 0
v 7 0
v 8 0
v 9 0
e 0 3 0 0.764
e 0 4 1 0.661
e 0 5 0 0.746
e 1 2 1 0.801
e 1 3 0 0.788
e 1 4 1 0.852
e 3 4 0 0.996
e 3 5 0 0.695
e 6 7 0 0.932
t # 286
v 0 1
v 1 0
v 2 0
v 3 0
v 4 0
v 5 0
v 6 0
v 7 0
v 8 0
v 9 1
e 0 2 0 0.819
e 0 3 1 0.999
e 1 4 0 0.748
e 2 3 0 0.813
e 2 4 1 0.756
e 2 5 1 0.833
e 3 5 0 0.696
e 5 6 0 0.764
e 8 9 0 0.593
t # 287
v 0 1
v 1 1
v 2 0
v 3 0
v 4 2
v 5 2
v 6 2
v 7 2
v 8 0
v 9 0
e 0 2 0 0.904
e 0 3 0 0.775
e 1 3 1 0.821
e 2 3 1 0.694
e 2 4 0 0.727
e 3 4 0 0.727
e 4 9 0 0.827
e 5 6 0 0.828
e 5 7 1 0.859
e 6 8 0 0.999
e 6 9 0 0.699
t # 288
v 0 0
v 1 0
v 2 1
v 3 1
v 4 0
v 5 5
v 6 5
v 7 1
v 8 1
v 9 0
e 0 1 0 0.838
e 0 3 0 0.722
e 0 4 0 0.714
e 1 2 0 0.689
e 1 9 0 0.866
e 4 5 0 0.691
e 5 6 0 0.932
e 6 7 0 0.842
e 6 8 1 0.805
e 6 9 1 0.719
t # 289
v 0 1
v 1 0
v 2 0
v 3 0
v 4 0
v 5 0
v 6 0
v 7 0
v 8 0
v 9 0
e 0 3 1 0.799
e 1 2 0 0.621
e 1 3 0 0.805
e 3 5 0 0.710
e 3 6 1 0.712
e 4 6 0 0.821
e 4 7 1 0.800
e 4 8 0 0.791
e 5 7 0 0.839
e 5 8 0 0.879
t # 290
v 0 1
v 1 2
v 2 0
v 3 2
v 4 0
v 5 0
v 6 0
v 7 1
v 8 0
v 9 0
e 0 2 0 0.910
e 1 3 0 0.919
e 1 4 0 0.935
e 2 4 0 0.826
e 2 5 1 0.803
e 2 6 0 0.801
e 3 4 0 0.884
e 5 8 1 0.963
e 5 9 0 0.861
t # 291
v 0 0
v 1 5
v 2 0
v 3 0
v 4 0
v 5 0
v 6 0
v 7 0
v 8 0
v 9 2
e 0 2 1 0.905
e 0 3 0 0.820
e 1 3 0 0.743
e 1 4 0 0.895
e 1 5 1 0.730
e 1 6 1 0.733
e 2 5 0 0.629
e 2 6 1 0.999
e 3 7 0 0.813
e 3 8 0 0.936
e 3 9 0 0.792
e 4 6 1 0.710
e 5 6 0 0.825
e 5 7 0 0.908
e 5 8 0 0.805
t # 292
v 0 2
v 1 0
v 2 2
v 3 0
v 4 2
v 5 0
v 6 0
v 7 1
v 8 0
v 9 1
v 10 0
v 11 5
v 12 0
v 13 0
v 14 1
e 0 1 0 0.722
e 1 2 1 0.999
e 1 6 0 0.802
e 2 3 0 0.892
e 3 4 0 0.858
e 3 7 0 0.754
e 4 5 0 0.840
e 4 8 1 0.840
e 5 6 0 0.903
e 8 9 0 0.777
e 8 12 0 0.751
e 9 10 0 0.909
e 10 11 0 0.718
e 10 13 0 0.658
e 11 12 1 0.896
e 13 14 0 0.632
t # 293
v 0 0
v 1 0
v 2 0
v 3 2
v 4 0
v 5 2
v 6 0
v 7 2
v 8 0
v 9 1
e 0 2 0 0.804
e 0 3 0 0.597
e 0 4 0 0.813
e 1 6 1 0.962
e 1 7 0 0.978
e 1 8 0 0.638
e 2 9 0 0.982
e 4 5 0 0.781
t # 294
v 0 1
v 1 0
v 2 0
v 3 0
v 4 1
v 5 0
v 6 1
v 7 0
v 8 0
v 9 1
e 0 6 1 0.750
e 1 2 1 0.733
e 1 3 0 0.771
e 1 4 1 0.860
e 2 3 1 0.699
e 2 4 0 0.868
e 3 7 1 0.872
e 3 5 1 0.830
e 5 6 1 0.718
t # 295
v 0 0
v 1 0
v 2 1
v 3 0
v 4 0
v 5 0
v 6 0
v 7 0
v 8 0
v 9 0
v 10 0
e 0 3 0 0.812
e 0 4 1 0.868
e 0 5 0 0.641
e 1 2 1 0.620
e 1 3 0 0.728
e 3 6 1 0.821
e 3 7 0 0.862
e 4 6 1 0.696
e 5 10 0 0.931
t # 296
v 0 2
v 1 1
v 2 1
v 3 0
v 4 0
v 5 0
v 6 2
v 7 0
v 8 0
v 9 0
e 0 3 1 0.708
e 0 4 1 0.939
e 1 2 0 0.920
e 5 6 1 0.663
e 5 7 0 0.816
e 6 8 1 0.783
e 8 9 1 0.741
t # 297
v 0 0
v 1 4
v 2 2
v 3 0
v 4 0
v 5 0
v 6 2
v 7 1
v 8 1
v 9 0
e 0 3 0 0.914
e 0 2 0 0.587
e 1 2 0 0.777
e 2 4 0 0.824
e 2 6 0 0.841
e 3 7 0 0.770
e 3 8 0 0.829
e 5 7 0 0.744
t # 298
v 0 0
v 1 0
v 2 1
v 3 0
v 4 0
v 5 0
v 6 0
v 7 2
v 8 0
v 9 0
e 0 4 1 0.650
e 0 5 0 0.716
e 1 2 0 0.793
e 1 3 0 0.722
e 1 4 0 0.793
e 2 8 0 0.914
e 3 6 0 0.637
e 3 7 0 0.865
e 6 9 0 0.771
t # 299
v 0 0
v 1 0
v 2 0
v 3 0
v 4 0
v 5 0
v 6 0
v 7 0
v 8 0
v 9 1
e 0 2 1 0.833
e 0 3 0 0.702
e 1 3 0 0.692
e 2 4 0 0.782
e 2 5 0 0.884
e 4 5 0 0.689
e 4 6 1 0.771
e 5 7 0 0.930
e 5 8 0 0.850
e 5 9 0 0.864
t # 300
v 0 0
v 1 1
v 2 0
v 3 0
v 4 0
v 5 0
v 6 0
v 7 1
v 8 0
v 9 0
e 0 3 0 0.882
e 0 4 1 0.806
e 0 5 0 0.787
e 1 2 1 0.821
e 2 3 0 0.908
e 2 4 0 0.799
e 2 5 0 0.787
e 3 6 1 0.958
e 3 7 0 0.678
e 4 5 0 0.865
e 5 9 1 0.736
e 6 8 0 0.783
e 6 9 0 0.654
t # 301
v 0 2
v 1 5
v 2 0
v 3 1
v 4 0
v 5 2
v 6 0
v 7 0
v 8 0
v 9 0
e 0 2 0 0.906
e 0 3 1 0.799
e 1 3 1 0.836
e 1 4 0 0.823
e 1 5 1 0.819
e 1 6 1 0.844
e 2 8 0 0.806
e 2 9 1 0.899
e 3 5 0 0.776
e 4 6 0 0.817
e 5 6 1 0.899
e 6 7 1 0.749
t # 302
v 0 0
v 1 2
v 2 0
v 3 0
v 4 0
v 5 0
v 6 1
v 7 4
v 8 0
v 9 2
e 0 8 0 0.777
e 0 9 0 0.821
e 1 2 0 0.677
e 1 3 1 0.773
e 1 4 0 0.817
e 2 4 0 0.649
e 2 7 1 0.703
e 3 9 0 0.840
e 4 5 0 0.733
e 4 6 0 0.973
e 5 8 0 0.649
t # 303
v 0 2
v 1 0
v 2 0
v 3 0
v 4 0
v 5 0
v 6 2
v 7 1
v 8 2
v 9 2
e 0 4 0 0.670
e 0 5 0 0.816
e 1 2 0 0.797
e 1 3 0 0.845
e 2 6 0 0.786
e 2 7 0 0.907
e 2 8 1 0.965
e 2 9 0 0.686
e 3 6 0 0.697
t # 304
v 0 0
v 1 0
v 2 0
v 3 5
v 4 0
v 5 1
v 6 0
v 7 1
v 8 1
v 9 1
e 0 5 0 0.757
e 0 2 0 0.738
e 1 2 1 0.844
e 1 3 0 0.754
e 1 4 0 0.739
e 3 6 1 0.596
e 3 7 1 0.605
e 3 8 1 0.865
e 3 9 1 0.750
t # 305
v 0 1
v 1 0
v 2 1
v 3 0
v 4 0
v 5 0
v 6 2
v 7 0
v 8 0
v 9 0
e 0 2 0 0.867
e 1 5 0 0.923
e 1 6 0 0.835
e 1 7 1 0.920
e 2 4 0 0.612
e 3 8 0 0.828
e 3 9 0 0.742
t # 306
v 0 0
v 1 0
v 2 0
v 3 0
v 4 0
v 5 0
v 6 0
v 7 0
v 8 2
v 9 0
e 0 2 0 0.685
e 0 3 0 0.948
e 0 1 1 0.736
e 1 3 0 0.806
e 1 4 1 0.974
e 2 3 0 0.820
e 3 5 0 0.783
e 4 9 0 0.610
e 4 6 0 0.810
e 6 7 0 0.989
e 7 9 0 0.758
e 8 9 1 0.975
t # 307
v 0 0
v 1 1
v 2 0
v 3 0
v 4 0
v 5 0
v 6 0
v 7 0
v 8 1
v 9 1
e 0 3 0 0.812
e 0 4 0 0.798
e 1 2 0 0.619
e 1 3 0 0.813
e 2 5 0 0.780
e 2 6 1 0.690
e 3 6 0 0.999
e 3 5 1 0.936
e 4 6 0 0.808
e 4 7 1 0.914
e 5 6 0 0.779
e 5 7 0 0.817
e 6 8 0 0.790
t # 308
v 0 0
v 1 2
v 2 0
v 3 2
v 4 0
v 5 0
v 6 0
v 7 0
v 8 2
v 9 5
e 0 2 1 0.824
e 1 2 1 0.869
e 1 3 0 0.694
e 1 4 1 0.720
e 2 6 0 0.880
e 2 7 1 0.857
e 3 8 1 0.629
e 3 9 0 0.761
e 6 7 1 0.857
t # 309
v 0 0
v 1 0
v 2 0
v 3 0
v 4 0
v 5 0
v 6 1
v 7 0
v 8 0
v 9 0
e 0 2 0 0.831
e 0 3 1 0.749
e 1 4 1 0.884
e 1 5 0 0.813
e 2 4 0 0.717
e 3 8 1 0.702
e 3 9 0 0.730
e 4 5 1 0.685
e 5 6 1 0.756
e 5 7 0 0.871
t # 310
v 0 1
v 1 0
v 2 0
v 3 0
v 4 0
v 5 0
v 6 0
v 7 0
v 8 0
v 9 1
e 0 2 0 0.812
e 0 3 0 0.813
e 1 4 1 0.915
e 1 5 0 0.900
e 1 6 0 0.453
e 2 4 1 0.759
e 2 5 0 0.795
e 3 4 1 0.863
e 4 7 0 0.802
e 4 8 0 0.857
e 7 9 0 0.768
t # 311
v 0 0
v 1 1
v 2 0
v 3 0
v 4 0
v 5 0
v 6 0
v 7 0
v 8 0
v 9 1
e 0 2 1 0.835
e 0 3 0 0.778
e 0 4 0 0.880
e 1 4 0 0.967
e 1 5 0 0.968
e 2 3 0 0.867
e 2 4 0 0.775
e 3 5 0 0.817
e 4 5 0 0.822
e 7 9 1 0.744
t # 312
v 0 1
v 1 1
v 2 0
v 3 0
v 4 1
v 5 0
v 6 11
v 7 0
v 8 0
v 9 0
e 0 4 1 0.759
e 1 2 0 0.785
e 2 3 1 0.803
e 4 7 0 0.840
t # 313
v 0 0
v 1 0
v 2 0
v 3 0
v 4 0
v 5 0
v 6 1
v 7 0
v 8 0
v 9 0
e 0 2 0 0.720
e 1 6 0 0.793
e 2 3 0 0.847
e 2 4 0 0.961
e 3 5 0 0.700
e 4 6 0 0.753
e 4 7 1 0.635
e 5 9 1 0.851
t # 314
v 0 0
v 1 2
v 2 0
v 3 0
v 4 1
v 5 0
v 6 0
v 7 0
v 8 0
v 9 0
e 0 2 0 0.798
e 0 3 0 0.917
e 1 7 0 0.869
e 1 8 1 0.999
e 2 3 0 0.875
e 2 4 1 0.800
e 2 5 1 0.654
e 3 8 1 0.808
e 3 7 1 0.680
e 5 6 0 0.787
e 6 9 0 0.756
t # 315
v 0 0
v 1 0
v 2 2
v 3 1
v 4 2
v 5 5
v 6 1
v 7 0
v 8 0
v 9 0
e 0 3 1 0.762
e 0 4 1 0.627
e 0 5 1 0.706
e 1 2 1 0.697
e 1 3 0 0.918
e 2 5 0 0.929
e 2 6 1 0.872
e 3 4 0 0.723
e 4 7 0 0.733
t # 316
v 0 0
v 1 0
v 2 0
v 3 0
v 4 0
v 5 0
v 6 1
v 7 0
v 8 0
v 9 0
e 0 2 0 0.782
e 0 3 0 0.760
e 0 4 0 0.780
e 1 8 0 0.920
e 1 7 1 0.770
e 2 7 0 0.927
e 3 5 0 0.700
e 3 6 0 0.819
e 3 7 0 0.673
e 4 8 0 0.770
e 4 9 0 0.889
t # 317
v 0 0
v 1 0
v 2 0
v 3 1
v 4 5
v 5 2
v 6 0
v 7 0
v 8 0
v 9 0
v 10 0
v 11 0
v 12 0
e 0 5 0 0.649
e 0 6 1 0.748
e 1 2 0 0.726
e 1 3 0 0.833
e 1 4 1 0.742
e 2 3 1 0.675
e 2 4 1 0.668
e 3 5 0 0.861
e 4 6 1 0.841
e 4 7 0 0.797
e 5 6 0 0.697
e 6 7 1 0.726
t # 318
v 0 1
v 1 2
v 2 2
v 3 0
v 4 2
v 5 5
v 6 0
v 7 1
v 8 1
v 9 1
e 0 2 0 0.766
e 1 3 0 0.932
e 1 4 1 0.640
e 2 3 1 0.803
e 3 5 1 0.716
e 3 4 0 0.778
e 4 5 0 0.836
e 4 6 1 0.713
e 5 6 0 0.643
e 5 7 1 0.999
e 5 8 1 0.677
e 5 9 1 0.906
t # 319
v 0 0
v 1 0
v 2 0
v 3 2
v 4 0
v 5 0
v 6 0
v 7 2
v 8 0
v 9 0
e 1 2 0 0.581
e 1 3 1 0.999
e 2 4 1 0.919
e 2 5 0 0.859
e 4 9 1 0.763
e 5 6 1 0.919
e 5 7 1 0.802
e 5 8 0 0.758
t # 320
v 0 0
v 1 0
v 2 0
v 3 1
v 4 0
v 5 1
v 6 0
v 7 0
v 8 0
v 9 0
e 0 3 1 0.836
e 0 4 0 0.784
e 0 5 0 0.851
e 1 2 0 0.838
e 2 3 0 0.790
e 2 6 0 0.748
e 2 7 0 0.721
e 3 9 1 0.850
e 4 8 0 0.790
e 7 8 0 0.748
t # 321
v 0 0
v 1 0
v 2 0
v 3 0
v 4 0
v 5 0
v 6 0
v 7 0
v 8 1
v 9 0
e 0 3 0 0.714
e 0 4 0 0.675
e 0 5 0 0.667
e 1 2 1 0.883
e 1 3 0 0.740
e 1 4 1 0.632
e 2 9 0 0.750
e 3 7 0 0.999
e 4 7 1 0.825
e 4 8 1 0.719
t # 322
v 0 1
v 1 2
v 2 0
v 3 0
v 4 0
v 5 0
v 6 0
v 7 0
v 8 1
v 9 0
e 0 3 1 0.877
e 1 2 0 0.698
e 1 3 1 0.843
e 2 4 0 0.907
e 2 5 0 0.999
e 3 5 0 0.805
e 5 6 0 0.729
e 5 7 0 0.868
e 6 9 0 0.573
e 7 8 0 0.624
e 7 9 1 0.906
t # 323
v 0 0
v 1 0
v 2 0
v 3 1
v 4 0
v 5 0
v 6 5
v 7 0
v 8 0
v 9 0
v 10 2
e 0 7 0 0.851
e 0 2 0 0.831
e 1 2 1 0.783
e 2 3 0 0.653
e 2 4 0 0.723
e 2 5 0 0.842
e 3 5 0 0.845
e 3 7 0 0.845
e 4 5 1 0.802
e 4 6 0 0.798
e 4 7 1 0.917
e 8 10 0 0.662
t # 324
v 0 0
v 1 0
v 2 1
v 3 2
v 4 0
v 5 0
v 6 0
v 7 0
v 8 2
v 9 0
e 0 2 0 0.789
e 0 3 1 0.943
e 0 1 0 0.701
e 1 4 1 0.687
e 2 3 1 0.745
e 3 8 0 0.789
e 3 9 1 0.795
e 4 7 1 0.622
t # 325
v 0 2
v 1 0
v 2 1
v 3 1
v 4 0
v 5 0
v 6 1
v 7 0
v 8 0
v 9 0
v 10 0
v 11 0
v 12 0
v 13 0
e 0 4 0 0.910
e 0 5 0 0.815
e 1 2 0 0.769
e 1 3 0 0.573
e 1 4 1 0.745
e 2 3 1 0.730
e 2 4 0 0.895
e 3 4 0 0.835
e 4 5 1 0.761
e 5 6 0 0.953
e 7 13 1 0.873
e 8 13 0 0.713
e 9 13 0 0.713
e 10 13 0 0.713
e 11 13 0 0.713
e 12 13 0 0.713
t # 326
v 0 2
v 1 0
v 2 0
v 3 0
v 4 1
v 5 0
v 6 0
v 7 0
v 8 1
v 9 0
e 0 3 1 0.689
e 0 4 0 0.834
e 1 2 0 0.778
e 2 9 1 0.998
e 3 5 0 0.698
e 7 9 0 0.948
t # 327
v 0 5
v 1 0
v 2 1
v 3 0
v 4 0
v 5 0
v 6 2
v 7 0
v 8 1
v 9 1
e 0 2 0 0.852
e 0 3 0 0.685
e 0 4 1 0.848
e 0 5 1 0.884
e 2 3 0 0.751
e 3 4 1 0.721
e 3 5 0 0.657
e 3 6 1 0.804
e 4 7 0 0.986
e 4 8 1 0.951
e 4 9 1 0.872
t # 328
v 0 1
v 1 0
v 2 0
v 3 0
v 4 0
v 5 0
v 6 0
v 7 1
v 8 0
v 9 0
e 0 5 1 0.915
e 1 2 0 0.972
e 1 3 1 0.818
e 1 4 0 0.960
e 2 8 0 0.737
e 3 6 0 0.752
e 3 7 0 0.830
e 7 9 0 0.784
t # 329
v 0 0
v 1 0
v 2 0
v 3 0
v 4 0
v 5 0
v 6 0
v 7 0
v 8 0
v 9 2
e 0 2 0 0.962
e 0 3 0 0.803
e 1 4 1 0.728
e 1 5 0 0.709
e 1 6 0 0.670
e 2 6 0 0.827
e 2 7 0 0.837
e 3 4 0 0.739
e 3 5 0 0.749
e 4 8 0 0.781
e 4 9 0 0.835
t # 330
v 0 0
v 1 0
v 2 0
v 3 0
v 4 0
v 5 0
v 6 0
v 7 0
v 8 0
v 9 2
v 10 2
v 11 0
v 12 2
v 13 1
v 14 1
e 0 1 0 0.825
e 0 5 1 0.965
e 0 9 0 0.803
e 1 2 0 0.832
e 1 12 0 0.932
e 2 3 1 0.686
e 3 4 0 0.742
e 4 5 1 0.732
e 5 10 0 0.703
e 6 7 1 0.848
e 6 14 1 0.840
e 6 12 1 0.951
e 7 8 0 0.791
e 8 13 0 0.728
e 8 9 0 0.874
e 9 11 0 0.803
e 10 11 0 0.999
t # 331
v 0 1
v 1 5
v 2 0
v 3 0
v 4 0
v 5 1
v 6 0
v 7 0
v 8 2
v 9 0
e 0 8 0 0.728
e 1 2 0 0.741
e 1 3 0 0.492
e 1 4 1 0.897
e 1 5 1 0.669
e 2 6 1 0.705
e 2 7 1 0.844
e 3 4 0 0.709
e 3 5 0 0.973
e 4 9 0 0.882
e 5 8 1 0.763
e 6 7 0 0.645
t # 332
v 0 0
v 1 0
v 2 1
v 3 0
v 4 0
v 5 0
v 6 0
v 7 0
v 8 0
v 9 0
v 10 2
e 0 2 0 0.924
e 0 3 0 0.746
e 1 6 0 0.692
e 1 7 0 0.958
e 2 8 0 0.862
e 3 7 0 0.732
e 3 8 0 0.789
e 4 5 1 0.790
e 4 6 0 0.855
e 4 7 1 0.781
e 5 6 0 0.808
e 7 10 0 0.998
t # 333
v 0 1
v 1 0
v 2 0
v 3 5
v 4 0
v 5 0
v 6 0
v 7 0
v 8 0
v 9 0
e 0 5 0 0.796
e 1 2 0 0.876
e 1 3 0 0.776
e 1 4 0 0.772
e 2 6 0 0.855
e 2 7 0 0.700
e 2 5 1 0.671
e 3 8 1 0.897
e 3 9 1 0.834
t # 334
v 0 0
v 1 0
v 2 0
v 3 0
v 4 1
v 5 0
v 6 0
v 7 0
v 8 7
v 9 0
v 10 0
v 11 1
e 0 3 0 0.850
e 1 2 0 0.809
e 1 3 0 0.906
e 2 6 0 0.800
e 2 7 0 0.838
e 3 4 0 0.964
e 3 5 0 0.968
e 3 6 0 0.999
e 4 8 1 0.658
t # 335
v 0 1
v 1 0
v 2 0
v 3 3
v 4 0
v 5 0
v 6 0
v 7 0
v 8 0
v 9 2
e 0 2 1 0.942
e 0 3 0 0.903
e 1 4 0 0.685
e 1 5 0 0.767
e 1 6 0 0.852
e 2 3 0 0.834
e 2 4 0 0.650
e 3 5 1 0.686
e 4 5 1 0.943
e 4 6 0 0.573
e 5 8 0 0.839
e 6 8 0 0.802
t # 336
v 0 0
v 1 0
v 2 1
v 3 0
v 4 0
v 5 5
v 6 0
v 7 0
v 8 0
v 9 0
e 0 4 0 0.991
e 0 5 0 0.847
e 1 2 0 0.830
e 1 3 1 0.921
e 2 3 0 0.642
e 3 4 0 0.776
e 4 5 0 0.857
t # 337
v 0 2
v 1 0
v 2 0
v 3 0
v 4 0
v 5 0
v 6 1
v 7 0
v 8 0
v 9 0
e 0 4 0 0.876
e 0 1 0 0.753
e 1 2 0 0.770
e 1 3 1 0.556
e 2 3 0 0.889
e 2 4 0 0.724
e 4 9 0 0.958
e 4 7 0 0.806
e 5 6 0 0.760
e 5 7 0 0.742
e 7 8 0 0.736
t # 338
v 0 2
v 1 0
v 2 0
v 3 0
v 4 0
v 5 2
v 6 0
v 7 0
v 8 0
v 9 0
e 0 2 1 0.724
e 1 3 1 0.570
e 1 4 1 0.966
e 2 4 0 0.939
e 2 5 0 0.732
e 3 5 0 0.743
e 3 6 0 0.759
e 6 9 0 0.921
t # 339
v 0 0
v 1 0
v 2 0
v 3 4
v 4 0
v 5 0
v 6 5
v 7 0
v 8 0
v 9 0
e 0 2 1 0.835
e 0 3 1 0.834
e 0 4 0 0.779
e 1 5 0 0.750
e 1 6 0 0.999
e 2 7 1 0.908
e 3 8 0 0.853
e 3 7 0 0.938
e 5 6 0 0.819
e 5 9 1 0.836
e 6 8 0 0.897
t # 340
v 0 0
v 1 0
v 2 0
v 3 0
v 4 0
v 5 1
v 6 1
v 7 2
v 8 5
v 9 0
e 0 2 1 0.876
e 0 3 0 0.914
e 2 4 0 0.671
e 2 5 0 0.840
e 2 6 1 0.758
e 2 7 1 0.664
e 5 8 0 0.671
e 5 9 0 0.856
e 6 8 0 0.840
e 7 8 1 0.758
t # 341
v 0 0
v 1 1
v 2 0
v 3 0
v 4 0
v 5 0
v 6 0
v 7 0
v 8 0
v 9 0
e 0 2 0 0.965
e 0 3 0 0.701
e 2 7 0 0.796
e 2 8 1 0.872
e 2 9 0 0.799
e 3 4 0 0.938
e 3 5 0 0.819
e 3 6 0 0.999
t # 342
v 0 0
v 1 0
v 2 0
v 3 0
v 4 0
v 5 0
v 6 0
v 7 0
v 8 0
v 9 2
e 0 2 0 0.855
e 0 7 0 0.664
e 0 4 1 0.710
e 1 2 0 0.935
e 1 3 0 0.784
e 1 4 1 0.701
e 3 5 0 0.765
e 3 9 0 0.809
e 4 6 0 0.722
e 6 9 0 0.616
t # 343
v 0 1
v 1 2
v 2 0
v 3 2
v 4 0
v 5 0
v 6 0
v 7 0
v 8 0
v 9 0
e 1 2 1 0.999
e 1 3 0 0.831
e 2 4 0 0.806
e 2 5 0 0.816
e 3 6 0 0.823
e 3 7 0 0.812
e 5 8 0 0.806
e 6 8 0 0.816
e 6 9 0 0.725
t # 344
v 0 2
v 1 2
v 2 0
v 3 0
v 4 0
v 5 0
v 6 1
v 7 2
v 8 0
v 9 1
e 0 4 1 0.714
e 1 2 0 0.870
e 1 3 0 0.733
e 2 4 0 0.892
e 2 5 0 0.834
e 2 6 0 0.936
e 3 6 0 0.722
e 3 7 0 0.739
e 3 5 0 0.731
e 4 9 0 0.938
e 5 6 0 0.900
t # 345
v 0 0
v 1 0
v 2 0
v 3 0
v 4 0
v 5 1
v 6 0
v 7 1
v 8 0
v 9 0
e 0 2 0 0.755
e 0 3 0 0.712
e 0 4 0 0.929
e 1 5 1 0.754
e 1 6 0 0.890
e 1 7 1 0.695
e 2 4 0 0.767
e 2 5 0 0.778
e 3 7 0 0.670
e 4 7 0 0.728
t # 346
v 0 0
v 1 4
v 2 0
v 3 0
v 4 1
v 5 0
v 6 0
v 7 0
v 8 0
v 9 0
e 0 5 0 0.818
e 0 6 0 0.775
e 1 2 0 0.863
e 2 3 0 0.661
e 2 4 0 0.700
e 2 5 1 0.845
e 3 9 0 0.822
e 4 6 0 0.659
e 5 6 0 0.940
e 5 7 0 0.937
t # 347
v 0 0
v 1 1
v 2 7
v 3 0
v 4 1
v 5 0
v 6 1
v 7 2
v 8 0
v 9 0
v 10 1
e 0 3 1 0.716
e 0 4 0 0.963
e 0 5 0 0.801
e 1 2 1 0.729
e 2 4 0 0.777
e 2 5 0 0.742
e 2 6 1 0.894
e 2 7 0 0.582
e 3 8 0 0.924
e 4 7 0 0.698
e 5 8 0 0.725
t # 348
v 0 0
v 1 0
v 2 0
v 3 1
v 4 0
v 5 0
v 6 0
v 7 0
v 8 0
v 9 0
e 0 2 1 0.877
e 1 5 0 0.808
e 1 6 0 0.823
e 1 7 0 0.730
e 2 3 0 0.683
e 2 4 0 0.645
e 3 6 0 0.714
e 6 7 0 0.718
e 6 8 0 0.855
t # 349
v 0 1
v 1 0
v 2 0
v 3 0
v 4 0
v 5 0
v 6 0
v 7 0
v 8 0
v 9 0
v 10 3
e 0 2 0 0.903
e 0 3 0 0.817
e 1 6 0 0.828
e 1 7 0 0.942
e 2 3 0 0.817
e 5 7 0 0.854
e 5 8 0 0.792
e 5 6 0 0.727
t # 350
v 0 1
v 1 1
v 2 5
v 3 0
v 4 0
v 5 0
v 6 1
v 7 0
v 8 0
v 9 0
e 0 3 1 0.843
e 1 2 1 0.896
e 2 4 0 0.702
e 2 5 0 0.829
e 2 6 1 0.841
e 5 7 0 0.702
e 6 7 0 0.829
e 6 8 0 0.648
e 6 9 0 0.807
t # 351
v 0 0
v 1 2
v 2 0
v 3 0
v 4 0
v 5 0
v 6 0
v 7 0
v 8 0
v 9 0
e 0 2 0 0.879
e 0 3 0 0.863
e 1 4 0 0.924
e 1 5 0 0.809
e 2 4 0 0.823
e 2 6 0 0.768
e 2 7 1 0.805
e 3 5 0 0.699
e 4 5 0 0.825
e 7 8 0 0.735
t # 352
v 0 0
v 1 0
v 2 0
v 3 0
v 4 0
v 5 0
v 6 0
v 7 0
v 8 0
v 9 0
e 0 2 0 0.773
e 0 3 0 0.644
e 0 4 0 0.700
e 1 2 0 0.764
e 2 7 0 0.805
e 2 8 1 0.812
e 4 5 0 0.944
e 4 6 0 0.966
e 6 7 0 0.754
e 7 9 1 0.751
e 7 8 0 0.802
t # 353
v 0 1
v 1 0
v 2 0
v 3 0
v 4 0
v 5 0
v 6 2
v 7 0
v 8 0
v 9 0
e 0 3 0 0.702
e 1 2 0 0.864
e 2 6 0 0.799
e 2 3 0 0.731
e 3 4 0 0.717
e 3 5 0 0.757
e 6 8 0 0.987
t # 354
v 0 0
v 1 0
v 2 0
v 3 0
v 4 0
v 5 0
v 6 0
v 7 2
v 8 0
v 9 0
e 0 2 0 0.692
e 0 3 1 0.843
e 0 4 0 0.747
e 1 3 0 0.786
e 1 4 1 0.546
e 2 8 0 0.593
e 2 9 1 0.715
e 3 5 0 0.923
e 4 6 1 0.862
e 4 7 1 0.845
t # 355
v 0 1
v 1 0
v 2 5
v 3 0
v 4 1
v 5 0
v 6 2
v 7 1
v 8 1
v 9 0
e 0 2 0 0.694
e 0 3 0 0.857
e 1 4 0 0.967
e 1 5 0 0.858
e 2 6 0 0.963
e 2 7 0 0.981
e 2 8 1 0.778
e 2 9 1 0.736
e 3 4 0 0.626
e 3 5 0 0.841
e 3 6 0 0.927
e 4 5 0 0.895
t # 356
v 0 1
v 1 0
v 2 2
v 3 0
v 4 0
v 5 0
v 6 0
v 7 0
v 8 2
v 9 1
e 0 2 1 0.708
e 1 3 0 0.880
e 1 4 0 0.757
e 1 5 0 0.835
e 2 6 0 0.937
e 2 8 0 0.859
e 4 9 0 0.810
e 5 9 1 0.839
t # 357
v 0 0
v 1 0
v 2 0
v 3 2
v 4 0
v 5 0
v 6 1
v 7 0
v 8 0
v 9 1
e 0 2 0 0.791
e 0 3 0 0.813
e 0 4 1 0.694
e 1 3 0 0.812
e 2 5 1 0.724
e 3 6 0 0.753
e 4 6 0 0.813
t # 358
v 0 0
v 1 0
v 2 1
v 3 1
v 4 1
v 5 0
v 6 0
v 7 0
v 8 0
v 9 0
e 0 2 0 0.942
e 1 3 0 0.777
e 1 4 0 0.730
e 2 3 0 0.696
e 3 7 0 0.785
e 4 5 0 0.727
e 4 6 1 0.814
e 5 8 0 0.678
e 5 7 0 0.831
e 5 9 0 0.999
t # 359
v 0 0
v 1 1
v 2 1
v 3 0
v 4 0
v 5 0
v 6 1
v 7 0
v 8 0
v 9 0
v 10 0
v 11 0
e 0 3 0 0.796
e 0 4 0 0.952
e 1 2 1 0.754
e 1 3 0 0.757
e 2 5 0 0.725
e 2 6 0 0.686
e 4 8 0 0.927
e 5 6 0 0.795
e 6 7 0 0.852
e 8 11 1 0.907
t # 360
v 0 0
v 1 0
v 2 11
v 3 0
v 4 1
v 5 0
v 6 1
v 7 0
v 8 1
v 9 0
e 0 5 0 0.782
e 0 7 0 0.811
e 1 2 1 0.887
e 1 3 0 0.752
e 1 4 1 0.611
e 3 5 1 0.734
e 3 6 0 0.828
e 4 6 0 0.884
e 8 9 0 0.881
t # 361
v 0 0
v 1 0
v 2 0
v 3 0
v 4 1
v 5 0
v 6 0
v 7 0
v 8 0
v 9 0
e 0 2 0 0.848
e 0 3 0 0.883
e 1 3 1 0.894
e 2 4 0 0.872
e 2 9 0 0.702
e 3 5 1 0.751
e 4 6 0 0.917
e 5 8 1 0.867
e 6 9 0 0.955
e 6 7 0 0.800
t # 362
v 0 0
v 1 1
v 2 5
v 3 0
v 4 0
v 5 2
v 6 0
v 7 0
v 8 0
v 9 0
e 0 3 1 0.973
e 0 4 0 0.787
e 1 2 0 0.771
e 2 5 0 0.827
e 2 6 0 0.865
e 3 4 0 0.999
e 4 7 0 0.800
e 4 8 1 0.758
e 8 9 0 0.812
t # 363
v 0 0
v 1 2
v 2 1
v 3 2
v 4 0
v 5 2
v 6 2
v 7 0
v 8 0
v 9 0
e 0 1 0 0.923
e 0 2 0 0.652
e 0 3 1 0.856
e 1 4 1 0.794
e 2 3 0 0.915
e 2 4 0 0.769
e 3 6 1 0.760
e 4 5 0 0.770
e 4 6 0 0.774
e 5 6 0 0.930
t # 364
v 0 0
v 1 0
v 2 0
v 3 0
v 4 0
v 5 0
v 6 0
v 7 1
v 8 0
v 9 0
e 0 2 0 0.861
e 0 3 0 0.822
e 0 4 1 0.672
e 1 6 1 0.792
e 1 7 0 0.735
e 4 5 0 0.778
e 5 8 0 0.892
e 8 9 0 0.767
t # 365
v 0 0
v 1 0
v 2 0
v 3 0
v 4 2
v 5 0
v 6 2
v 7 0
v 8 0
v 9 0
e 0 7 1 0.693
e 0 8 0 0.822
e 0 9 0 0.808
e 1 2 0 0.716
e 1 3 1 0.712
e 3 4 1 0.670
e 3 5 0 0.723
e 5 6 0 0.706
t # 366
v 0 4
v 1 2
v 2 0
v 3 0
v 4 2
v 5 1
v 6 0
v 7 0
v 8 0
v 9 0
e 0 2 0 0.794
e 1 3 1 0.524
e 1 4 0 0.744
e 2 4 0 0.787
e 3 4 0 0.960
e 5 9 0 0.699
e 6 9 0 0.868
e 8 9 0 0.699
t # 367
v 0 0
v 1 0
v 2 0
v 3 0
v 4 0
v 5 0
v 6 0
v 7 0
v 8 0
v 9 0
v 10 0
e 0 2 0 0.705
e 0 3 0 0.904
e 1 6 0 0.753
e 1 7 1 0.838
e 1 8 0 0.874
e 2 4 1 0.710
e 2 5 1 0.812
e 3 6 1 0.705
e 3 7 0 0.983
e 3 5 1 0.892
e 4 5 0 0.794
e 5 6 0 0.971
e 6 10 1 0.812
e 6 7 0 0.828
t # 368
v 0 0
v 1 0
v 2 1
v 3 0
v 4 1
v 5 0
v 6 0
v 7 0
v 8 2
v 9 2
e 0 6 0 0.820
e 1 2 0 0.854
e 1 3 0 0.796
e 2 5 1 0.633
e 3 4 0 0.994
e 4 6 0 0.790
e 4 7 0 0.617
e 6 8 0 0.896
e 6 9 0 0.822
t # 369
v 0 0
v 1 0
v 2 0
v 3 1
v 4 0
v 5 0
v 6 1
v 7 1
v 8 0
v 9 0
e 0 1 0 0.939
e 0 2 1 0.770
e 0 3 0 0.909
e 1 4 0 0.806
e 2 4 0 0.767
e 3 4 0 0.767
e 4 7 0 0.845
t # 370
v 0 2
v 1 1
v 2 0
v 3 2
v 4 0
v 5 0
v 6 1
v 7 2
v 8 0
v 9 0
e 0 4 1 0.871
e 1 2 0 0.892
e 1 3 0 0.804
e 4 5 1 0.772
e 4 6 0 0.711
e 4 7 0 0.938
e 6 8 0 0.672
e 6 9 1 0.917
t # 371
v 0 5
v 1 1
v 2 0
v 3 0
v 4 0
v 5 3
v 6 0
v 7 0
v 8 1
v 9 0
e 0 3 0 0.658
e 1 2 0 0.999
e 2 7 0 0.724
e 2 3 0 0.788
e 3 6 1 0.753
e 3 7 0 0.933
e 6 7 0 0.724
t # 372
v 0 5
v 1 0
v 2 0
v 3 0
v 4 1
v 5 0
v 6 0
v 7 2
v 8 0
v 9 0
v 10 0
v 11 0
v 12 3
e 0 3 0 0.648
e 1 2 0 0.972
e 2 3 0 0.727
e 2 4 1 0.817
e 3 4 0 0.567
e 4 5 0 0.846
e 5 6 0 0.843
e 5 7 0 0.928
e 6 7 0 0.970
e 6 8 1 0.962
t # 373
v 0 1
v 1 0
v 2 1
v 3 0
v 4 0
v 5 0
v 6 0
v 7 1
v 8 0
v 9 0
e 0 4 1 0.732
e 1 2 1 0.926
e 1 3 0 0.813
e 2 3 1 0.632
e 3 8 0 0.945
e 3 9 1 0.928
e 4 7 0 0.816
e 4 8 1 0.786
e 5 7 0 0.832
e 6 9 0 0.854
t # 374
v 0 0
v 1 0
v 2 0
v 3 0
v 4 0
v 5 1
v 6 1
v 7 0
v 8 0
v 9 0
e 0 2 1 0.740
e 0 3 1 0.874
e 0 4 1 0.737
e 1 5 0 0.927
e 1 6 0 0.694
e 3 5 0 0.688
e 3 6 1 0.863
e 4 5 0 0.821
e 4 6 0 0.718
e 5 7 1 0.993
e 7 8 0 0.794
e 7 9 0 0.752
t # 375
v 0 0
v 1 0
v 2 0
v 3 2
v 4 0
v 5 0
v 6 0
v 7 1
v 8 1
v 9 0
v 10 0
v 11 0
v 12 6
e 0 2 1 0.575
e 1 2 0 0.508
e 1 3 0 0.887
e 2 3 1 0.913
e 2 4 1 0.798
e 2 5 1 0.724
e 3 4 1 0.742
e 3 12 0 0.866
e 4 6 0 0.848
e 5 7 0 0.760
e 6 7 1 0.790
e 8 12 0 0.771
t # 376
v 0 5
v 1 0
v 2 0
v 3 0
v 4 0
v 5 0
v 6 2
v 7 0
v 8 0
v 9 0
v 10 0
v 11 0
v 12 0
e 0 2 0 0.773
e 0 3 0 0.871
e 1 6 0 0.854
e 1 7 0 0.706
e 2 5 0 0.999
e 2 7 1 0.974
e 3 4 0 0.792
e 3 5 0 0.627
e 4 6 0 0.734
e 5 7 0 0.788
e 7 12 1 0.821
t # 377
v 0 5
v 1 0
v 2 0
v 3 1
v 4 1
v 5 1
v 6 0
v 7 0
v 8 0
v 9 1
e 0 2 1 0.858
e 0 3 0 0.905
e 0 4 1 0.782
e 0 5 1 0.999
e 2 6 0 0.810
e 3 7 0 0.877
e 3 8 0 0.940
e 7 9 0 0.810
t # 378
v 0 0
v 1 0
v 2 0
v 3 0
v 4 1
v 5 2
v 6 3
v 7 5
v 8 0
v 9 1
e 0 1 0 0.657
e 0 3 1 0.890
e 1 2 0 0.954
e 3 5 1 0.751
e 3 6 0 0.847
e 4 5 0 0.789
e 6 7 1 0.970
e 7 9 0 0.864
t # 379
v 0 1
v 1 0
v 2 0
v 3 2
v 4 1
v 5 2
v 6 1
v 7 2
v 8 0
v 9 0
e 0 2 0 0.840
e 1 2 1 0.843
e 1 3 0 0.767
e 1 4 0 0.761
e 1 5 0 0.797
e 2 4 0 0.668
e 3 5 1 0.709
e 7 8 0 0.999
e 7 9 0 0.742
t # 380
v 0 1
v 1 2
v 2 1
v 3 1
v 4 0
v 5 0
v 6 0
v 7 0
v 8 1
v 9 0
e 0 2 1 0.999
e 1 3 1 0.785
e 1 4 0 0.850
e 2 3 0 0.999
e 3 4 1 0.777
e 4 9 0 0.739
e 8 9 1 0.943
t # 381
v 0 2
v 1 1
v 2 7
v 3 1
v 4 0
v 5 1
v 6 0
v 7 0
v 8 0
v 9 2
e 0 2 0 0.715
e 1 2 1 0.817
e 1 3 0 0.858
e 2 4 0 0.770
e 2 5 0 0.994
e 2 3 0 0.798
e 4 5 0 0.999
e 5 6 0 0.910
e 6 7 0 0.719
e 7 9 1 0.778
e 8 9 1 0.806
t # 382
v 0 0
v 1 0
v 2 0
v 3 0
v 4 2
v 5 2
v 6 0
v 7 0
v 8 2
v 9 0
v 10 0
e 0 3 0 0.695
e 0 4 0 0.752
e 0 5 1 0.946
e 1 2 0 0.762
e 1 3 0 0.710
e 1 4 1 0.774
e 2 6 1 0.866
e 3 4 0 0.698
e 4 7 0 0.852
t # 383
v 0 0
v 1 0
v 2 1
v 3 0
v 4 1
v 5 0
v 6 0
v 7 0
v 8 0
v 9 0
e 0 3 0 0.810
e 1 2 0 0.497
e 1 3 0 0.640
e 1 4 1 0.665
e 2 3 0 0.749
e 2 4 1 0.796
e 3 7 0 0.836
e 3 8 0 0.723
e 3 4 1 0.736
e 5 8 0 0.817
e 5 9 1 0.741
t # 384
v 0 0
v 1 2
v 2 8
v 3 0
v 4 0
v 5 0
v 6 1
v 7 0
v 8 0
v 9 0
e 0 3 0 0.932
e 0 4 1 0.766
e 0 5 0 0.888
e 1 2 1 0.979
e 4 5 0 0.766
e 4 6 0 0.958
e 7 9 0 0.754
t # 385
v 0 0
v 1 0
v 2 0
v 3 1
v 4 0
v 5 0
v 6 5
v 7 0
v 8 0
v 9 0
e 0 2 1 0.853
e 0 3 0 0.944
e 0 4 1 0.962
e 1 5 1 0.769
e 2 4 0 0.895
e 2 5 0 0.894
e 3 8 1 0.680
e 3 9 0 0.771
e 4 5 0 0.810
e 7 8 0 0.746
t # 386
v 0 0
v 1 0
v 2 0
v 3 0
v 4 0
v 5 0
v 6 1
v 7 0
v 8 1
v 9 0
e 0 2 0 0.842
e 0 3 0 0.843
e 0 4 1 0.710
e 1 2 0 0.809
e 2 8 0 0.766
e 3 7 0 0.999
e 3 8 0 0.649
e 5 6 0 0.788
e 6 9 0 0.799
t # 387
v 0 0
v 1 0
v 2 2
v 3 0
v 4 0
v 5 1
v 6 0
v 7 0
v 8 0
v 9 0
e 0 2 0 0.687
e 0 3 0 0.775
e 0 1 1 0.973
e 1 4 0 0.805
e 2 5 0 0.811
e 2 6 1 0.835
e 3 7 1 0.767
e 6 8 0 0.811
e 7 8 1 0.835
e 7 9 0 0.921
e 8 9 1 0.948
t # 388
v 0 1
v 1 0
v 2 0
v 3 0
v 4 0
v 5 0
v 6 0
v 7 0
v 8 7
v 9 0
e 0 8 0 0.673
e 1 2 0 0.846
e 1 3 1 0.809
e 2 4 0 0.985
e 2 5 0 0.789
e 2 6 0 0.707
e 5 6 0 0.772
e 5 7 0 0.834
e 6 9 0 0.906
t # 389
v 0 0
v 1 0
v 2 0
v 3 5
v 4 0
v 5 0
v 6 0
v 7 1
v 8 1
v 9 1
e 0 2 1 0.797
e 0 3 0 0.887
e 0 4 1 0.815
e 2 3 0 0.841
e 2 4 0 0.729
e 2 5 1 0.894
e 3 5 0 0.809
e 4 7 0 0.638
e 4 8 1 0.884
e 4 9 1 0.870
e 5 6 0 0.821
t # 390
v 0 0
v 1 0
v 2 0
v 3 0
v 4 0
v 5 1
v 6 0
v 7 0
v 8 0
v 9 0
e 0 3 0 0.736
e 0 4 0 0.594
e 1 2 0 0.864
e 2 3 0 0.657
e 3 8 1 0.808
e 4 6 0 0.734
e 4 7 1 0.585
e 6 7 1 0.724
e 7 8 0 0.681
e 7 9 0 0.694
t # 391
v 0 2
v 1 0
v 2 5
v 3 1
v 4 0
v 5 1
v 6 2
v 7 0
v 8 1
v 9 0
v 10 0
v 11 2
e 0 2 0 0.561
e 0 3 0 0.852
e 1 4 0 0.999
e 1 3 1 0.947
e 2 3 0 0.716
e 2 4 1 0.810
e 2 5 1 0.773
e 2 6 1 0.591
e 4 5 0 0.625
e 5 7 1 0.910
t # 392
v 0 1
v 1 0
v 2 1
v 3 1
v 4 0
v 5 0
v 6 1
v 7 0
v 8 0
v 9 0
e 0 2 0 0.746
e 0 3 0 0.860
e 1 4 0 0.606
e 3 8 0 0.764
e 4 9 1 0.762
e 5 6 0 0.650
e 7 9 0 0.886
t # 393
v 0 0
v 1 0
v 2 0
v 3 0
v 4 0
v 5 2
v 6 0
v 7 0
v 8 0
v 9 0
e 0 3 1 0.698
e 1 2 0 0.909
e 3 5 1 0.817
e 4 5 0 0.796
e 4 6 0 0.753
e 4 7 1 0.737
e 5 8 0 0.906
e 5 9 0 0.688
t # 394
v 0 0
v 1 1
v 2 0
v 3 2
v 4 0
v 5 0
v 6 1
v 7 0
v 8 5
v 9 0
v 10 0
e 0 1 0 0.697
e 0 3 0 0.901
e 0 4 0 0.838
e 1 2 1 0.736
e 2 5 0 0.933
e 2 6 1 0.771
e 3 8 0 0.858
e 3 6 1 0.822
e 4 5 0 0.728
t # 395
v 0 0
v 1 0
v 2 2
v 3 2
v 4 0
v 5 0
v 6 0
v 7 0
v 8 0
v 9 0
e 0 2 1 0.840
e 0 3 0 0.757
e 1 4 0 0.903
e 1 5 1 0.760
e 1 6 0 0.851
e 2 4 0 0.958
e 2 5 1 0.730
e 4 7 0 0.781
e 4 8 0 0.735
e 6 9 0 0.847
t # 396
v 0 0
v 1 0
v 2 1
v 3 3
v 4 0
v 5 0
v 6 1
v 7 0
v 8 0
v 9 2
e 0 2 0 0.765
e 1 3 0 0.638
e 1 4 0 0.851
e 2 4 1 0.723
e 4 7 0 0.873
e 4 8 0 0.805
e 4 9 0 0.754
e 5 7 0 0.761
t # 397
v 0 1
v 1 0
v 2 0
v 3 0
v 4 0
v 5 1
v 6 0
v 7 0
v 8 0
v 9 0
e 0 4 0 0.786
e 0 5 0 0.999
e 1 2 0 0.867
e 1 3 0 0.849
e 2 6 0 0.722
e 2 7 0 0.692
e 3 7 0 0.764
e 3 8 0 0.728
e 7 8 1 0.861
t # 398
v 0 0
v 1 0
v 2 5
v 3 5
v 4 2
v 5 0
v 6 0
v 7 1
v 8 1
v 9 2
e 0 2 1 0.917
e 0 3 0 0.641
e 1 4 0 0.869
e 1 5 0 0.793
e 3 6 1 0.881
e 3 7 1 0.807
e 3 8 1 0.784
e 3 9 1 0.712
