t # 0
v 0 0
v 1 1
v 2 0
v 3 0
v 4 1
v 5 0
v 6 0
v 7 0
v 8 0
v 9 0
e 0 3 0 0.162
e 0 4 0 0.303
e 0 5 1 0.085
e 1 2 0 0.143
e 2 7 0 0.580
e 2 8 0 0.132
e 3 5 0 0.170
e 3 6 0 0.033
e 5 6 0 0.549
e 5 7 0 0.212
e 6 7 0 0.060
e 7 8 0 0.554
e 7 9 0 0.080
t # 1
v 0 0
v 1 0
v 2 0
v 3 0
v 4 1
v 5 1
v 6 2
v 7 0
v 8 0
v 9 0
v 10 0
e 0 2 0 0.168
e 0 3 0 0.078
e 1 5 0 0.240
e 1 3 0 0.325
e 2 6 0 0.285
e 2 3 0 0.383
e 3 4 0 0.441
e 4 5 0 0.123
e 5 6 0 0.059
e 6 10 1 0.148
t # 2
v 0 0
v 1 0
v 2 0
v 3 6
v 4 0
v 5 0
v 6 1
v 7 0
v 8 0
v 9 0
e 0 2 0 0.188
e 0 3 0 0.141
e 1 3 0 0.031
e 2 3 0 0.003
e 3 4 0 0.222
e 5 6 0 0.074
e 5 7 0 0.252
t # 3
v 0 0
v 1 0
v 2 0
v 3 0
v 4 2
v 5 0
v 6 0
v 7 0
v 8 0
v 9 0
e 1 2 1 0.002
e 1 3 0 0.196
e 1 4 1 0.093
e 2 5 0 0.724
e 2 6 1 0.004
e 2 7 0 0.625
e 6 8 0 0.724
e 7 8 1 0.004
e 7 9 1 0.143
t # 4
v 0 3
v 1 0
v 2 0
v 3 2
v 4 0
v 5 0
v 6 0
v 7 0
v 8 5
v 9 0
e 0 2 0 0.299
e 1 4 0 0.065
e 3 5 1 0.276
e 3 6 1 0.201
e 5 6 1 0.649
e 6 9 0 0.359
t # 5
v 0 5
v 1 0
v 2 0
v 3 0
v 4 2
v 5 1
v 6 0
v 7 0
v 8 0
v 9 2
e 0 2 0 0.227
e 0 3 0 0.008
e 0 4 1 0.271
e 0 5 1 0.082
e 1 3 0 0.020
e 1 4 0 0.395
e 2 4 0 0.275
e 2 5 0 0.209
e 2 6 1 0.087
e 3 4 0 0.401
e 3 5 0 0.230
e 3 9 0 0.182
e 4 5 1 0.153
e 4 6 0 0.054
e 6 7 0 0.317
e 6 8 1 0.117
t # 6
v 0 1
v 1 2
v 2 0
v 3 1
v 4 0
v 5 0
v 6 0
v 7 1
v 8 0
v 9 0
v 10 0
e 0 6 0 0.162
e 0 7 0 0.371
e 1 2 0 0.276
e 1 3 0 0.445
e 2 3 0 0.347
e 3 4 0 0.176
e 3 5 0 0.043
e 4 6 0 0.105
e 5 8 0 0.143
e 5 7 0 0.080
e 7 10 0 0.805
t # 7
v 0 1
v 1 2
v 2 0
v 3 0
v 4 0
v 5 2
v 6 0
v 7 0
v 8 0
v 9 0
e 0 2 0 0.481
e 1 7 0 0.108
e 1 8 1 0.094
e 1 9 0 0.038
e 2 3 0 0.393
e 2 4 0 0.120
e 3 5 0 0.101
e 3 6 0 0.125
e 7 9 0 0.035
t # 8
v 0 1
v 1 1
v 2 0
v 3 0
v 4 0
v 5 0
v 6 0
v 7 1
v 8 2
v 9 1
e 0 2 0 0.292
e 1 3 1 0.879
e 2 8 0 0.245
e 2 5 0 0.007
e 2 7 0 0.089
e 3 4 0 0.574
e 4 8 0 0.544
e 4 9 0 0.157
e 4 6 0 0.320
e 5 7 0 0.917
e 5 8 0 0.068
e 6 9 0 0.008
t # 9
v 0 2
v 1 0
v 2 0
v 3 0
v 4 0
v 5 0
v 6 0
v 7 0
v 8 0
v 9 0
e 0 3 1 0.746
e 0 4 0 0.141
e 1 2 0 0.049
e 1 3 1 0.182
e 2 8 1 0.353
e 2 9 0 0.169
e 3 4 1 0.400
e 3 5 1 0.185
e 3 6 1 0.042
e 7 9 0 0.381
t # 10
v 0 0
v 1 0
v 2 0
v 3 1
v 4 0
v 5 0
v 6 0
v 7 0
v 8 0
v 9 0
e 0 2 0 0.053
e 0 3 1 0.582
e 0 4 0 0.205
e 1 4 0 0.356
e 1 5 0 0.118
e 1 6 0 0.363
e 1 7 0 0.027
e 2 3 1 0.076
e 2 4 0 0.102
e 2 5 0 0.195
e 3 8 1 0.047
e 3 9 0 0.915
e 4 7 0 0.199
e 4 8 1 0.308
e 5 6 0 0.771
t # 11
v 0 0
v 1 1
v 2 0
v 3 0
v 4 1
v 5 2
v 6 0
v 7 2
v 8 0
v 9 0
e 0 3 0 0.170
e 0 4 0 0.109
e 0 5 0 0.215
e 1 2 0 0.200
e 2 8 0 0.264
e 3 6 1 0.045
e 3 7 1 0.108
e 5 9 0 0.288
t # 12
v 0 0
v 1 0
v 2 0
v 3 1
v 4 0
v 5 0
v 6 0
v 7 0
v 8 0
v 9 0
e 0 2 0 0.724
e 0 3 0 0.118
e 1 3 0 0.231
e 1 4 2 0.304
e 1 5 0 0.050
e 2 6 0 0.250
e 2 7 0 0.009
e 4 8 0 0.224
t # 13
v 0 0
v 1 1
v 2 0
v 3 0
v 4 0
v 5 0
v 6 0
v 7 0
v 8 0
v 9 0
e 0 2 0 0.292
e 0 1 0 0.033
e 0 3 1 0.194
e 2 7 1 0.027
e 3 5 0 0.485
e 4 8 0 0.386
e 4 9 1 0.050
t # 14
v 0 0
v 1 0
v 2 1
v 3 0
v 4 0
v 5 0
v 6 1
v 7 2
v 8 2
v 9 0
e 0 2 0 0.181
e 0 3 0 0.036
e 0 4 1 0.529
e 1 6 0 0.211
e 1 7 1 0.272
e 1 8 0 0.312
e 4 5 1 0.798
e 6 9 0 0.006
t # 15
v 0 0
v 1 0
v 2 0
v 3 3
v 4 0
v 5 0
v 6 0
v 7 0
v 8 0
v 9 0
e 0 2 1 0.269
e 0 3 0 0.029
e 0 4 1 0.523
e 1 7 1 0.036
e 1 8 0 0.056
e 1 9 0 0.361
e 2 9 0 0.075
e 3 5 0 0.418
e 3 6 0 0.302
t # 16
v 0 1
v 1 0
v 2 2
v 3 0
v 4 0
v 5 0
v 6 0
v 7 0
v 8 0
v 9 11
e 1 2 1 0.136
e 1 3 0 0.244
e 1 4 0 0.090
e 2 7 0 0.691
e 6 8 0 0.269
e 6 9 0 0.182
t # 17
v 0 0
v 1 0
v 2 0
v 3 0
v 4 0
v 5 0
v 6 0
v 7 2
v 8 0
v 9 0
e 0 2 1 0.188
e 0 3 0 0.200
e 0 4 0 0.215
e 1 7 0 0.184
e 1 8 0 0.768
e 1 6 0 0.594
e 3 5 1 0.515
e 4 5 0 0.219
e 4 6 0 0.482
e 8 9 1 0.111
t # 18
v 0 2
v 1 0
v 2 0
v 3 2
v 4 0
v 5 1
v 6 1
v 7 1
v 8 0
v 9 0
v 10 0
v 11 11
e 0 3 0 0.171
e 0 4 0 0.148
e 0 5 0 0.236
e 1 2 0 0.864
e 2 3 0 0.066
e 2 4 0 0.017
e 2 5 0 0.018
e 3 5 0 0.287
e 4 6 0 0.081
e 4 7 0 0.233
e 5 7 0 0.066
t # 19
v 0 1
v 1 0
v 2 5
v 3 0
v 4 0
v 5 0
v 6 0
v 7 1
v 8 2
v 9 0
e 0 2 0 0.664
e 1 3 1 0.056
e 1 4 0 0.225
e 1 5 1 0.317
e 2 5 1 0.577
e 2 6 0 0.003
e 2 7 1 0.944
e 2 8 1 0.112
e 3 4 1 0.139
e 3 5 0 0.054
e 6 8 1 0.502
t # 20
v 0 0
v 1 0
v 2 0
v 3 0
v 4 1
v 5 0
v 6 0
v 7 0
v 8 0
v 9 1
e 0 2 0 0.055
e 0 3 0 0.114
e 1 4 0 0.377
e 1 2 0 0.123
e 1 5 0 0.039
e 2 5 1 0.471
e 2 6 0 0.088
e 3 4 0 0.074
e 8 9 0 0.116
t # 21
v 0 0
v 1 0
v 2 0
v 3 1
v 4 0
v 5 0
v 6 0
v 7 0
v 8 0
v 9 0
e 0 2 0 0.033
e 1 8 0 0.604
e 1 9 0 0.152
e 2 3 0 0.212
e 2 4 0 0.186
e 2 5 1 0.021
e 3 6 0 0.072
e 3 7 0 0.436
t # 22
v 0 1
v 1 0
v 2 0
v 3 0
v 4 0
v 5 0
v 6 0
v 7 0
v 8 0
v 9 5
e 0 3 0 0.038
e 0 7 0 0.081
e 1 2 0 0.036
e 1 3 0 0.150
e 1 4 1 0.152
e 2 3 1 0.211
e 2 4 0 0.192
e 3 6 0 0.178
e 3 4 0 0.022
e 5 8 1 0.748
e 6 8 0 0.187
t # 23
v 0 0
v 1 1
v 2 0
v 3 0
v 4 0
v 5 0
v 6 5
v 7 0
v 8 5
v 9 0
e 0 5 0 0.050
e 0 6 1 0.121
e 0 7 0 0.701
e 1 2 1 0.010
e 2 3 0 0.185
e 2 4 1 0.537
e 5 8 1 0.105
e 5 9 0 0.221
t # 24
v 0 2
v 1 2
v 2 0
v 3 0
v 4 2
v 5 1
v 6 1
v 7 1
v 8 0
v 9 0
e 0 3 1 0.039
e 0 4 1 0.553
e 1 2 0 0.049
e 2 5 0 0.028
e 2 6 1 0.346
e 2 7 1 0.335
e 2 8 0 0.108
e 4 9 0 0.018
t # 25
v 0 8
v 1 1
v 2 0
v 3 2
v 4 0
v 5 0
v 6 0
v 7 1
v 8 14
v 9 0
e 1 2 1 0.809
e 2 5 1 0.577
e 2 8 1 0.371
e 3 7 1 0.233
e 3 8 0 0.044
e 5 8 0 0.002
e 6 9 0 0.304
t # 26
v 0 2
v 1 0
v 2 0
v 3 0
v 4 0
v 5 0
v 6 0
v 7 0
v 8 0
v 9 2
e 0 2 0 0.737
e 0 8 1 0.303
e 1 2 0 0.125
e 1 3 0 0.228
e 1 4 0 0.408
e 1 5 1 0.023
e 2 6 0 0.324
e 3 8 0 0.023
e 3 6 0 0.404
e 5 9 0 0.064
e 6 7 1 0.119
e 8 9 1 0.999
t # 27
v 0 0
v 1 0
v 2 0
v 3 2
v 4 0
v 5 0
v 6 1
v 7 1
v 8 0
v 9 1
v 10 2
v 11 0
v 12 0
e 0 1 0 0.241
e 0 5 0 0.355
e 0 8 1 0.142
e 1 2 0 0.208
e 2 3 0 0.062
e 2 7 1 0.171
e 3 4 0 0.402
e 4 6 1 0.014
e 4 5 0 0.304
e 5 11 0 0.009
e 8 9 0 0.595
e 8 10 1 0.157
e 10 11 0 0.179
e 11 12 0 0.345
t # 28
v 0 0
v 1 0
v 2 3
v 3 0
v 4 5
v 5 0
v 6 0
v 7 0
v 8 0
v 9 0
v 10 0
e 0 2 0 0.094
e 0 3 1 0.021
e 1 3 1 0.514
e 1 2 0 0.194
e 1 4 0 0.072
e 3 8 0 0.237
e 4 5 0 0.295
e 4 6 0 0.078
e 6 7 0 0.957
t # 29
v 0 0
v 1 1
v 2 0
v 3 0
v 4 1
v 5 1
v 6 1
v 7 0
v 8 0
v 9 2
e 1 2 1 0.855
e 2 6 0 0.930
e 2 3 1 0.385
e 3 6 0 0.149
e 3 7 0 0.261
e 3 8 1 0.163
e 4 7 0 0.524
t # 30
v 0 2
v 1 5
v 2 0
v 3 3
v 4 0
v 5 0
v 6 0
v 7 0
v 8 0
v 9 0
e 0 3 0 0.308
e 0 4 0 0.112
e 1 2 0 0.217
e 2 6 0 0.171
e 2 9 0 0.215
e 3 4 1 0.513
e 5 6 0 0.147
e 6 7 0 0.132
t # 31
v 0 0
v 1 0
v 2 2
v 3 2
v 4 0
v 5 0
v 6 0
v 7 0
v 8 0
v 9 0
e 0 3 0 0.020
e 0 4 0 0.276
e 0 5 1 0.499
e 1 2 1 0.038
e 2 4 0 0.062
e 2 7 1 0.106
e 3 6 0 0.244
e 3 7 0 0.066
e 4 8 0 0.650
e 4 9 0 0.016
t # 32
v 0 0
v 1 3
v 2 0
v 3 0
v 4 0
v 5 0
v 6 5
v 7 0
v 8 0
v 9 0
e 0 2 0 0.084
e 0 3 0 0.063
e 0 4 0 0.249
e 1 3 1 0.642
e 2 4 0 0.118
e 3 6 1 0.503
e 3 8 0 0.523
e 4 5 0 0.103
e 4 6 0 0.122
e 5 9 0 0.527
t # 33
v 0 2
v 1 0
v 2 0
v 3 0
v 4 0
v 5 0
v 6 1
v 7 0
v 8 0
v 9 0
e 1 2 1 0.463
e 1 3 0 0.363
e 1 4 1 0.240
e 2 3 0 0.086
e 2 4 0 0.604
e 3 7 0 0.178
e 3 8 0 0.018
e 6 9 0 0.023
e 7 8 0 0.055
t # 34
v 0 0
v 1 0
v 2 0
v 3 1
v 4 0
v 5 1
v 6 0
v 7 0
v 8 0
v 9 1
e 0 5 1 0.139
e 0 8 0 0.144
e 1 2 0 0.027
e 1 3 0 0.004
e 1 4 1 0.028
e 2 9 1 0.620
e 3 7 0 0.135
e 4 7 0 0.307
t # 35
v 0 0
v 1 0
v 2 1
v 3 0
v 4 0
v 5 0
v 6 9
v 7 0
v 8 0
v 9 0
v 10 1
e 0 5 0 0.138
e 1 2 0 0.015
e 1 3 0 0.432
e 1 4 0 0.033
e 2 4 0 0.156
e 3 5 1 0.038
e 4 5 0 0.208
t # 36
v 0 0
v 1 0
v 2 0
v 3 0
v 4 0
v 5 0
v 6 0
v 7 0
v 8 5
v 9 0
e 0 2 1 0.173
e 0 3 0 0.069
e 2 6 0 0.069
e 3 4 0 0.151
e 3 5 1 0.376
e 5 6 0 0.078
e 5 7 0 0.025
e 7 8 0 0.069
e 7 9 1 0.233
t # 37
v 0 0
v 1 0
v 2 0
v 3 0
v 4 0
v 5 0
v 6 1
v 7 2
v 8 16
v 9 1
v 10 3
e 0 1 0 0.245
e 0 5 1 0.052
e 1 2 0 0.016
e 2 3 1 0.263
e 2 8 0 0.509
e 3 4 0 0.415
e 4 7 0 0.104
e 4 5 1 0.099
e 5 6 1 0.292
e 8 9 0 0.797
t # 38
v 0 2
v 1 0
v 2 0
v 3 0
v 4 1
v 5 0
v 6 0
v 7 0
v 8 0
v 9 2
e 0 2 0 0.113
e 0 3 1 0.128
e 1 4 1 0.156
e 1 5 0 0.180
e 3 4 0 0.739
e 4 9 0 0.999
e 5 6 0 0.463
e 7 8 1 0.228
t # 39
v 0 0
v 1 0
v 2 0
v 3 2
v 4 0
v 5 0
v 6 0
v 7 0
v 8 2
v 9 0
e 0 6 0 0.075
e 1 2 0 0.126
e 1 3 0 0.407
e 1 4 1 0.856
e 2 6 0 0.075
e 3 6 0 0.135
e 3 7 0 0.706
e 4 5 0 0.072
e 6 8 1 0.153
e 7 8 1 0.424
e 8 9 0 0.044
t # 40
v 0 0
v 1 0
v 2 5
v 3 0
v 4 0
v 5 0
v 6 0
v 7 0
v 8 3
v 9 0
e 0 2 0 0.124
e 0 3 0 0.203
e 0 4 1 0.161
e 1 3 0 0.108
e 2 4 0 0.190
e 3 4 1 0.015
e 4 9 0 0.110
e 6 8 1 0.341
t # 41
v 0 0
v 1 0
v 2 2
v 3 0
v 4 2
v 5 0
v 6 0
v 7 2
v 8 0
v 9 1
e 0 4 0 0.230
e 0 5 0 0.026
e 1 2 0 0.328
e 1 3 0 0.165
e 2 5 0 0.166
e 2 6 0 0.031
e 3 4 0 0.237
e 3 5 0 0.489
e 3 6 0 0.790
e 4 5 1 0.074
e 4 6 1 0.281
e 5 8 0 0.133
e 5 9 0 0.679
t # 42
v 0 0
v 1 0
v 2 0
v 3 0
v 4 0
v 5 0
v 6 0
v 7 0
v 8 1
v 9 0
e 0 1 0 0.393
e 0 3 1 0.133
e 0 4 0 0.039
e 1 2 0 0.175
e 2 3 0 0.077
e 2 4 0 0.253
e 4 5 0 0.196
e 5 9 0 0.055
e 6 7 1 0.089
e 6 8 0 0.376
t # 43
v 0 1
v 1 3
v 2 0
v 3 1
v 4 0
v 5 0
v 6 0
v 7 0
v 8 0
v 9 1
e 0 3 0 0.596
e 0 4 0 0.399
e 1 2 0 0.042
e 2 4 0 0.430
e 2 3 0 0.487
e 3 5 0 0.632
t # 44
v 0 1
v 1 0
v 2 0
v 3 1
v 4 0
v 5 0
v 6 0
v 7 1
v 8 0
v 9 0
e 0 2 0 0.437
e 1 3 0 0.159
e 2 3 0 0.011
e 5 8 0 0.059
e 5 9 1 0.432
t # 45
v 0 5
v 1 0
v 2 0
v 3 1
v 4 0
v 5 1
v 6 0
v 7 2
v 8 0
v 9 0
v 10 0
v 11 0
e 0 2 0 0.191
e 0 1 0 0.061
e 2 3 0 0.405
e 2 4 1 0.191
e 3 4 1 0.426
e 4 6 0 0.808
e 6 11 0 0.999
t # 46
v 0 5
v 1 2
v 2 11
v 3 0
v 4 1
v 5 0
v 6 0
v 7 0
v 8 0
v 9 0
e 0 6 1 0.171
e 0 7 0 0.515
e 0 8 1 0.135
e 0 1 0 0.323
e 1 2 0 0.367
e 2 3 0 0.310
e 3 6 0 0.657
e 3 7 0 0.326
e 4 5 0 0.208
e 5 6 1 0.154
e 6 8 1 0.050
e 6 9 0 0.356
t # 47
v 0 1
v 1 0
v 2 0
v 3 0
v 4 0
v 5 0
v 6 0
v 7 0
v 8 1
v 9 1
e 0 7 0 0.302
e 0 8 1 0.044
e 1 2 0 0.545
e 1 3 0 0.416
e 1 4 0 0.038
e 2 3 0 0.038
e 2 4 0 0.499
e 2 5 0 0.361
e 2 6 0 0.388
e 3 4 1 0.071
e 6 7 0 0.474
e 7 8 0 0.399
e 7 9 1 0.020
t # 48
v 0 0
v 1 0
v 2 0
v 3 0
v 4 0
v 5 0
v 6 0
v 7 0
v 8 0
v 9 5
e 0 4 0 0.057
e 0 5 0 0.016
e 0 6 0 0.171
e 1 2 0 0.054
e 1 3 1 0.999
e 2 4 0 0.195
e 2 5 0 0.964
e 3 4 0 0.040
e 4 7 0 0.226
e 4 8 0 0.068
e 5 6 0 0.195
e 6 9 0 0.023
e 6 7 1 0.095
t # 49
v 0 0
v 1 0
v 2 5
v 3 2
v 4 0
v 5 0
v 6 2
v 7 1
v 8 1
v 9 1
e 0 3 0 0.326
e 1 2 0 0.211
e 1 3 1 0.169
e 2 4 1 0.117
e 2 7 0 0.025
e 2 8 1 0.839
e 2 9 1 0.623
t # 50
v 0 0
v 1 5
v 2 0
v 3 0
v 4 0
v 5 2
v 6 0
v 7 0
v 8 2
v 9 0
e 0 2 0 0.999
e 0 3 0 0.160
e 1 4 0 0.047
e 1 5 1 0.608
e 1 6 1 0.146
e 1 7 1 0.025
e 5 7 1 0.291
e 5 8 1 0.344
e 8 9 0 0.161
t # 51
v 0 0
v 1 3
v 2 0
v 3 0
v 4 2
v 5 0
v 6 0
v 7 1
v 8 0
v 9 0
e 0 2 0 0.512
e 2 7 0 0.124
e 2 5 0 0.408
e 3 6 0 0.268
e 3 8 1 0.010
e 4 5 1 0.027
e 4 6 0 0.104
e 5 6 0 0.695
t # 52
v 0 0
v 1 1
v 2 1
v 3 0
v 4 1
v 5 0
v 6 1
v 7 1
v 8 1
v 9 1
e 0 4 0 0.174
e 0 5 1 0.261
e 1 2 0 0.461
e 2 3 1 0.065
e 3 6 0 0.046
e 3 7 1 0.011
e 3 8 1 0.313
t # 53
v 0 0
v 1 1
v 2 2
v 3 0
v 4 0
v 5 0
v 6 1
v 7 1
v 8 1
v 9 0
e 0 2 1 0.295
e 0 3 0 0.000
e 0 4 1 0.050
e 2 6 0 0.219
e 2 7 1 0.068
e 2 8 1 0.248
e 2 9 0 0.128
e 3 4 0 0.229
e 3 5 0 0.002
t # 54
v 0 0
v 1 5
v 2 0
v 3 1
v 4 1
v 5 0
v 6 0
v 7 2
v 8 0
v 9 0
e 0 8 1 0.001
e 0 9 1 0.437
e 1 2 0 0.533
e 1 3 0 0.002
e 1 4 1 0.133
e 1 5 1 0.031
e 2 6 0 0.120
e 2 7 0 0.338
t # 55
v 0 1
v 1 0
v 2 2
v 3 2
v 4 0
v 5 0
v 6 0
v 7 0
v 8 0
v 9 0
e 0 2 0 0.230
e 1 4 1 0.891
e 1 2 1 0.240
e 1 6 0 0.057
e 2 6 0 0.060
e 2 7 0 0.112
e 5 7 1 0.239
e 7 9 0 0.418
t # 56
v 0 0
v 1 0
v 2 5
v 3 1
v 4 0
v 5 0
v 6 1
v 7 1
v 8 2
v 9 1
e 0 3 0 0.326
e 0 4 0 0.376
e 1 2 1 0.235
e 1 3 0 0.360
e 2 3 0 0.064
e 2 6 1 0.280
e 2 7 1 0.211
e 4 8 0 0.837
t # 57
v 0 0
v 1 2
v 2 0
v 3 0
v 4 0
v 5 0
v 6 0
v 7 2
v 8 0
v 9 2
e 0 2 0 0.047
e 1 3 1 0.156
e 1 4 0 0.082
e 2 4 1 0.007
e 2 6 0 0.105
e 3 5 0 0.112
e 3 6 1 0.890
e 4 7 0 0.518
e 5 7 1 0.008
e 5 8 0 0.031
e 6 9 0 0.198
e 8 9 0 0.124
t # 58
v 0 1
v 1 2
v 2 0
v 3 0
v 4 1
v 5 1
v 6 0
v 7 0
v 8 0
v 9 0
e 0 2 1 0.007
e 1 3 1 0.095
e 1 4 0 0.233
e 1 5 1 0.667
e 2 6 0 0.246
e 2 7 1 0.748
e 3 8 1 0.397
e 4 8 0 0.484
e 4 9 0 0.040
t # 59
v 0 0
v 1 1
v 2 0
v 3 0
v 4 0
v 5 0
v 6 0
v 7 1
v 8 2
v 9 0
e 0 2 0 0.299
e 0 3 0 0.020
e 0 4 1 0.624
e 1 7 1 0.205
e 1 8 0 0.417
e 2 3 0 0.021
e 2 4 0 0.150
e 2 5 0 0.083
e 3 9 1 0.011
e 4 5 0 0.080
e 4 6 1 0.180
e 5 7 0 0.004
e 5 8 0 0.099
t # 60
v 0 2
v 1 1
v 2 2
v 3 0
v 4 4
v 5 0
v 6 0
v 7 11
v 8 1
v 9 0
v 10 0
v 11 0
e 0 2 1 0.201
e 0 3 0 0.409
e 1 4 0 0.999
e 1 5 0 0.835
e 2 3 0 0.249
e 2 4 0 0.163
e 3 11 1 0.007
e 7 11 0 0.434
t # 61
v 0 0
v 1 0
v 2 2
v 3 0
v 4 0
v 5 0
v 6 0
v 7 0
v 8 0
v 9 0
e 0 2 0 0.013
e 0 3 1 0.836
e 1 7 1 0.190
e 1 8 0 0.304
e 1 9 0 0.047
e 2 4 1 0.357
e 2 5 1 0.406
e 3 6 0 0.446
e 5 8 0 0.633
t # 62
v 0 0
v 1 0
v 2 0
v 3 0
v 4 0
v 5 0
v 6 0
v 7 2
v 8 1
v 9 2
e 0 4 0 0.041
e 0 5 0 0.115
e 1 2 0 0.566
e 1 3 0 0.036
e 2 7 0 0.113
e 2 8 1 0.199
e 2 9 0 0.309
e 3 4 0 0.789
e 3 5 1 0.188
e 3 6 0 0.155
e 4 6 0 0.360
e 5 7 0 0.236
e 6 9 0 0.018
t # 63
v 0 0
v 1 0
v 2 1
v 3 0
v 4 2
v 5 0
v 6 1
v 7 0
v 8 2
v 9 0
e 0 2 0 0.240
e 0 3 0 0.267
e 0 4 0 0.855
e 1 6 1 0.416
e 1 3 0 0.104
e 3 4 0 0.211
e 3 5 1 0.018
e 3 6 1 0.630
e 4 7 1 0.148
e 4 8 0 0.143
e 8 9 1 0.206
t # 64
v 0 1
v 1 0
v 2 0
v 3 1
v 4 0
v 5 1
v 6 0
v 7 2
v 8 0
v 9 0
v 10 1
v 11 0
v 12 0
e 0 1 0 0.186
e 1 2 0 0.092
e 1 8 0 0.264
e 2 3 0 0.044
e 2 4 0 0.088
e 4 5 0 0.097
e 4 6 0 0.188
e 6 7 0 0.095
e 7 12 0 0.173
e 7 8 0 0.055
e 8 9 0 0.199
e 9 10 0 0.343
e 9 11 0 0.291
e 11 12 0 0.300
t # 65
v 0 0
v 1 0
v 2 0
v 3 2
v 4 0
v 5 1
v 6 2
v 7 0
v 8 0
v 9 2
e 0 2 0 0.029
e 0 3 0 0.999
e 1 4 0 0.180
e 1 5 0 0.305
e 1 6 0 0.279
e 2 7 0 0.170
e 3 4 2 0.934
e 3 5 0 0.135
e 4 6 0 0.649
e 4 7 0 0.736
e 6 8 0 0.399
e 6 9 1 0.008
t # 66
v 0 0
v 1 2
v 2 1
v 3 0
v 4 1
v 5 0
v 6 2
v 7 0
v 8 0
v 9 1
e 0 2 1 0.009
e 0 3 0 0.181
e 0 1 1 0.199
e 1 5 0 0.135
e 4 5 1 0.001
e 5 6 0 0.037
e 5 7 1 0.046
e 6 8 0 0.745
e 6 9 0 0.071
t # 67
v 0 0
v 1 0
v 2 0
v 3 0
v 4 1
v 5 0
v 6 2
v 7 0
v 8 0
v 9 0
e 0 2 0 0.471
e 0 3 1 0.127
e 1 6 1 0.056
e 1 7 0 0.029
e 1 8 1 0.174
e 2 4 0 0.340
e 2 5 0 0.456
e 2 3 0 0.295
e 4 9 0 0.295
e 5 9 0 0.340
e 6 9 0 0.456
t # 68
v 0 1
v 1 1
v 2 1
v 3 0
v 4 0
v 5 1
v 6 0
v 7 0
v 8 0
v 9 0
e 0 3 0 0.282
e 1 2 0 0.396
e 2 3 1 0.160
e 3 6 0 0.266
e 3 7 0 0.034
e 4 6 1 0.085
e 4 7 0 0.093
e 4 8 1 0.149
t # 69
v 0 3
v 1 0
v 2 1
v 3 0
v 4 0
v 5 0
v 6 0
v 7 0
v 8 0
v 9 0
e 0 2 0 0.375
e 1 3 1 0.259
e 1 4 1 0.468
e 1 5 0 0.045
e 2 8 1 0.135
e 3 4 0 0.671
e 5 7 0 0.156
e 6 9 0 0.079
t # 70
v 0 0
v 1 2
v 2 1
v 3 2
v 4 0
v 5 0
v 6 0
v 7 0
v 8 1
v 9 0
e 0 2 0 0.034
e 0 3 1 0.046
e 0 1 0 0.661
e 2 4 0 0.235
e 2 5 0 0.282
e 4 9 0 0.153
e 5 6 0 0.235
e 5 7 0 0.194
e 5 8 0 0.222
t # 71
v 0 0
v 1 0
v 2 0
v 3 0
v 4 0
v 5 1
v 6 0
v 7 0
v 8 0
v 9 0
v 10 5
e 0 4 0 0.267
e 0 2 0 0.277
e 1 2 0 0.066
e 1 3 0 0.145
e 1 4 1 0.045
e 2 3 1 0.019
e 3 5 0 0.004
e 3 6 0 0.112
e 4 6 1 0.025
t # 72
v 0 0
v 1 0
v 2 0
v 3 0
v 4 2
v 5 0
v 6 0
v 7 2
v 8 0
v 9 0
v 10 0
v 11 0
e 0 4 0 0.423
e 0 5 0 0.174
e 0 6 0 0.107
e 1 2 1 0.106
e 1 3 0 0.010
e 2 4 0 0.001
e 2 3 0 0.057
e 3 5 0 0.057
e 3 6 0 0.094
e 3 7 0 0.145
e 4 7 1 0.325
t # 73
v 0 0
v 1 0
v 2 0
v 3 0
v 4 0
v 5 0
v 6 0
v 7 0
v 8 0
v 9 0
e 0 2 1 0.045
e 1 2 1 0.044
e 1 3 0 0.541
e 2 4 0 0.155
e 2 5 0 0.488
e 4 9 0 0.024
e 5 6 0 0.155
e 5 7 0 0.584
e 5 8 1 0.039
t # 74
v 0 1
v 1 0
v 2 0
v 3 0
v 4 5
v 5 0
v 6 1
v 7 0
v 8 2
v 9 0
e 0 4 0 0.224
e 1 2 1 0.373
e 1 3 1 0.598
e 2 5 0 0.503
e 2 6 0 0.355
e 2 7 0 0.267
e 3 4 0 0.382
e 4 7 0 0.339
e 5 7 1 0.269
e 5 8 1 0.158
e 6 8 0 0.093
e 7 9 0 0.355
t # 75
v 0 1
v 1 0
v 2 0
v 3 3
v 4 1
v 5 3
v 6 0
v 7 0
v 8 0
v 9 0
e 0 3 0 0.064
e 1 2 0 0.641
e 2 5 0 0.018
e 3 5 0 0.113
e 5 6 1 0.128
e 6 7 0 0.001
e 6 8 0 0.084
e 8 9 1 0.083
t # 76
v 0 0
v 1 0
v 2 0
v 3 0
v 4 1
v 5 0
v 6 0
v 7 0
v 8 1
v 9 0
v 10 0
v 11 0
e 0 2 0 0.034
e 0 3 0 0.840
e 0 4 0 0.561
e 1 2 0 0.706
e 1 8 0 0.232
e 2 5 0 0.256
e 3 4 0 0.075
e 3 5 1 0.287
e 5 6 0 0.194
t # 77
v 0 1
v 1 5
v 2 5
v 3 0
v 4 0
v 5 0
v 6 1
v 7 1
v 8 0
v 9 0
e 0 2 1 0.091
e 2 3 0 0.133
e 2 4 0 0.181
e 3 5 1 0.386
e 3 6 0 0.060
e 3 7 1 0.196
e 5 8 0 0.229
e 6 8 1 0.536
e 6 9 0 0.260
t # 78
v 0 0
v 1 2
v 2 1
v 3 0
v 4 0
v 5 0
v 6 0
v 7 0
v 8 0
v 9 11
e 0 1 0 0.700
e 0 2 0 0.273
e 0 3 0 0.193
e 1 4 1 0.183
e 1 5 0 0.070
e 2 6 0 0.370
e 2 4 0 0.212
e 4 7 0 0.257
e 4 8 1 0.310
e 4 9 0 0.193
t # 79
v 0 2
v 1 0
v 2 1
v 3 0
v 4 0
v 5 1
v 6 0
v 7 5
v 8 0
v 9 0
e 1 2 0 0.163
e 1 3 0 0.122
e 3 4 0 0.012
e 3 5 0 0.240
e 3 6 1 0.520
e 4 6 0 0.876
e 5 7 0 0.057
e 6 9 1 0.133
e 7 8 0 0.488
t # 80
v 0 0
v 1 0
v 2 2
v 3 0
v 4 0
v 5 0
v 6 0
v 7 1
v 8 0
v 9 2
e 1 2 1 0.389
e 1 3 0 0.082
e 2 4 0 0.047
e 3 5 0 0.679
e 3 6 0 0.124
e 5 7 0 0.047
e 5 8 1 0.534
e 5 9 0 0.275
t # 81
v 0 0
v 1 0
v 2 1
v 3 0
v 4 0
v 5 0
v 6 0
v 7 0
v 8 0
v 9 1
e 0 1 0 0.024
e 1 2 0 0.068
e 1 3 0 0.699
e 2 5 0 0.029
e 3 4 1 0.051
e 3 5 0 0.226
e 3 6 1 0.359
e 4 7 0 0.222
e 4 8 0 0.326
e 5 9 0 0.143
e 5 8 0 0.138
e 6 9 1 0.269
t # 82
v 0 0
v 1 0
v 2 0
v 3 0
v 4 0
v 5 0
v 6 5
v 7 0
v 8 0
v 9 0
v 10 0
v 11 0
v 12 2
v 13 1
v 14 1
e 0 1 0 0.006
e 0 5 1 0.167
e 1 2 0 0.105
e 2 3 1 0.278
e 3 4 0 0.057
e 3 6 1 0.030
e 4 5 1 0.404
e 6 7 0 0.367
e 6 13 1 0.027
e 6 14 1 0.222
e 7 8 0 0.891
e 7 12 1 0.524
e 8 9 0 0.468
e 9 10 1 0.035
e 10 11 0 0.336
e 11 12 0 0.144
t # 83
v 0 2
v 1 0
v 2 0
v 3 1
v 4 0
v 5 0
v 6 0
v 7 0
v 8 0
v 9 0
v 10 0
e 0 3 1 0.189
e 0 4 0 0.128
e 1 2 0 0.077
e 1 3 1 0.269
e 1 4 0 0.384
e 2 4 0 0.208
e 2 3 0 0.015
e 2 5 1 0.133
e 4 5 0 0.193
e 4 6 0 0.999
e 4 7 0 0.067
e 5 6 0 0.639
e 5 7 0 0.161
e 8 10 0 0.298
t # 84
v 0 0
v 1 0
v 2 0
v 3 0
v 4 0
v 5 0
v 6 1
v 7 2
v 8 0
v 9 0
e 0 2 0 0.013
e 1 7 0 0.025
e 1 8 0 0.047
e 2 3 1 0.034
e 2 4 1 0.174
e 3 4 0 0.008
e 4 5 0 0.282
e 4 6 0 0.391
e 4 7 0 0.041
t # 85
v 0 0
v 1 9
v 2 0
v 3 0
v 4 0
v 5 0
v 6 0
v 7 0
v 8 1
v 9 0
v 10 2
e 0 2 0 0.042
e 0 3 0 0.030
e 0 4 0 0.159
e 1 6 0 0.519
e 2 5 0 0.102
e 2 6 0 0.197
e 2 7 1 0.100
e 3 5 0 0.560
e 4 6 1 0.211
e 5 10 0 0.171
e 5 6 0 0.152
t # 86
v 0 2
v 1 1
v 2 2
v 3 2
v 4 0
v 5 0
v 6 0
v 7 0
v 8 1
v 9 0
e 0 2 0 0.212
e 0 3 0 0.740
e 1 4 0 0.257
e 2 3 1 0.042
e 4 5 0 0.003
e 5 6 0 0.126
e 6 9 0 0.267
t # 87
v 0 0
v 1 0
v 2 1
v 3 1
v 4 1
v 5 2
v 6 7
v 7 0
v 8 0
v 9 1
e 0 2 0 0.754
e 0 3 0 0.111
e 0 4 0 0.482
e 0 5 0 0.055
e 1 3 0 0.865
e 1 4 0 0.399
e 1 5 0 0.199
e 3 6 0 0.007
e 3 7 1 0.846
e 5 8 0 0.069
e 8 9 0 0.400
t # 88
v 0 1
v 1 0
v 2 2
v 3 4
v 4 0
v 5 0
v 6 1
v 7 0
v 8 0
v 9 0
v 10 2
e 0 5 0 0.354
e 0 2 1 0.078
e 1 2 0 0.086
e 1 3 0 0.093
e 2 4 0 0.044
e 2 3 0 0.063
e 3 4 0 0.557
e 4 5 0 0.227
t # 89
v 0 2
v 1 0
v 2 2
v 3 0
v 4 0
v 5 0
v 6 0
v 7 0
v 8 0
v 9 0
e 0 2 0 0.156
e 0 3 1 0.018
e 1 5 0 0.244
e 1 6 0 0.450
e 1 7 1 0.001
e 2 3 1 0.145
e 2 4 0 0.229
e 3 7 0 0.703
t # 90
v 0 0
v 1 0
v 2 0
v 3 0
v 4 0
v 5 0
v 6 0
v 7 0
v 8 0
v 9 0
e 0 2 0 0.438
e 0 3 0 0.607
e 1 3 1 0.433
e 1 2 0 0.403
e 2 7 0 0.314
e 7 8 0 0.409
e 7 9 0 0.184
t # 91
v 0 3
v 1 5
v 2 0
v 3 0
v 4 5
v 5 0
v 6 0
v 7 0
v 8 1
v 9 0
v 10 1
e 0 2 1 0.428
e 1 3 0 0.722
e 2 4 0 0.413
e 2 5 0 0.301
e 3 6 0 0.310
e 3 7 1 0.155
e 5 8 0 0.413
e 6 8 0 0.301
t # 92
v 0 0
v 1 0
v 2 0
v 3 0
v 4 0
v 5 1
v 6 1
v 7 0
v 8 0
v 9 0
e 1 2 0 0.044
e 1 3 0 0.152
e 2 3 1 0.051
e 2 4 0 0.475
e 2 5 1 0.319
e 3 8 0 0.182
e 3 9 0 0.243
e 4 6 0 0.135
e 4 7 0 0.128
t # 93
v 0 0
v 1 0
v 2 0
v 3 0
v 4 0
v 5 0
v 6 0
v 7 1
v 8 0
v 9 0
e 0 2 0 0.171
e 0 3 0 0.074
e 0 4 0 0.087
e 0 5 0 0.276
e 1 5 0 0.138
e 2 5 0 0.126
e 3 5 0 0.168
e 4 8 0 0.568
e 5 6 0 0.177
e 7 9 0 0.096
t # 94
v 0 0
v 1 1
v 2 0
v 3 0
v 4 0
v 5 1
v 6 0
v 7 1
v 8 5
v 9 0
e 0 2 1 0.119
e 0 3 0 0.263
e 0 4 0 0.133
e 1 5 1 0.821
e 2 8 0 0.612
e 2 9 0 0.146
e 3 4 0 0.274
e 3 5 1 0.061
e 3 6 0 0.274
e 4 6 0 0.269
e 6 7 1 0.097
e 7 8 1 0.222
t # 95
v 0 0
v 1 0
v 2 5
v 3 0
v 4 5
v 5 0
v 6 0
v 7 0
v 8 0
v 9 0
e 0 5 1 0.100
e 0 6 0 0.142
e 1 2 1 0.111
e 1 3 1 0.109
e 1 4 0 0.014
e 2 4 0 0.306
e 2 5 1 0.144
e 2 6 1 0.589
e 2 7 1 0.062
e 3 6 0 0.157
e 3 7 1 0.623
e 4 5 1 0.228
e 4 6 0 0.798
e 4 7 1 0.032
e 4 8 1 0.050
e 6 7 0 0.068
e 6 8 1 0.161
e 7 9 0 0.144
t # 96
v 0 2
v 1 6
v 2 0
v 3 0
v 4 0
v 5 0
v 6 0
v 7 0
v 8 2
v 9 0
e 0 5 1 0.030
e 0 6 0 0.111
e 0 1 0 0.299
e 1 2 0 0.055
e 2 3 0 0.112
e 2 4 1 0.471
e 3 4 0 0.453
e 3 9 1 0.281
e 4 8 1 0.616
e 5 6 1 0.094
e 6 9 1 0.881
t # 97
v 0 0
v 1 1
v 2 0
v 3 0
v 4 1
v 5 0
v 6 0
v 7 0
v 8 0
v 9 0
e 0 2 0 0.008
e 0 3 0 0.752
e 1 3 0 0.623
e 2 5 0 0.114
e 2 6 0 0.999
e 3 4 1 0.024
e 4 6 0 0.465
e 5 7 1 0.163
e 8 9 0 0.010
t # 98
v 0 1
v 1 5
v 2 0
v 3 1
v 4 2
v 5 1
v 6 1
v 7 0
v 8 2
v 9 0
e 0 3 1 0.510
e 1 2 0 0.121
e 1 3 0 0.068
e 1 4 1 0.117
e 1 5 1 0.156
e 3 4 1 0.328
e 4 8 0 0.076
e 4 9 0 0.354
t # 99
v 0 0
v 1 1
v 2 0
v 3 0
v 4 0
v 5 2
v 6 5
v 7 0
v 8 0
v 9 0
v 10 0
e 0 2 1 0.059
e 0 3 0 0.129
e 0 4 0 0.140
e 1 4 0 0.238
e 1 7 0 0.092
e 2 7 0 0.397
e 4 7 0 0.039
t # 100
v 0 0
v 1 0
v 2 0
v 3 3
v 4 0
v 5 0
v 6 0
v 7 5
v 8 0
v 9 0
e 0 2 1 0.034
e 0 1 0 0.111
e 0 3 0 0.095
e 2 4 0 0.057
e 2 5 0 0.167
e 5 6 0 0.057
e 5 7 1 0.447
e 6 8 0 0.073
e 6 9 0 0.185
e 8 9 0 0.440
t # 101
v 0 0
v 1 0
v 2 0
v 3 0
v 4 0
v 5 1
v 6 1
v 7 0
v 8 0
v 9 0
e 0 2 0 0.020
e 1 2 0 0.999
e 2 7 0 0.145
e 3 9 0 0.041
e 5 8 0 0.111
e 6 7 0 0.233
e 6 8 1 0.031
t # 102
v 0 0
v 1 1
v 2 0
v 3 0
v 4 2
v 5 5
v 6 0
v 7 2
v 8 0
v 9 0
e 0 2 0 0.024
e 0 3 0 0.425
e 1 5 1 0.126
e 2 6 0 0.218
e 2 7 0 0.081
e 3 4 1 0.034
e 7 8 0 0.218
e 7 9 1 0.041
t # 103
v 0 0
v 1 1
v 2 1
v 3 3
v 4 0
v 5 0
v 6 0
v 7 4
v 8 0
v 9 1
e 0 2 0 0.188
e 1 8 0 0.131
e 2 8 0 0.092
e 3 4 0 0.265
e 4 5 0 0.060
e 5 8 0 0.300
e 5 9 0 0.015
t # 104
v 0 0
v 1 0
v 2 0
v 3 0
v 4 1
v 5 0
v 6 5
v 7 2
v 8 0
v 9 0
v 10 0
v 11 1
e 0 2 0 0.155
e 0 3 1 0.386
e 0 4 0 0.453
e 1 2 0 0.142
e 2 4 0 0.019
e 2 5 0 0.391
e 2 6 0 0.574
e 3 7 0 0.038
e 8 11 0 0.243
t # 105
v 0 1
v 1 0
v 2 0
v 3 0
v 4 0
v 5 0
v 6 0
v 7 0
v 8 0
v 9 2
e 0 3 0 0.640
e 0 4 0 0.208
e 1 2 1 0.698
e 1 3 0 0.107
e 2 5 1 0.017
e 2 6 0 0.342
e 3 4 0 0.354
e 4 8 0 0.054
e 5 7 0 0.216
e 6 7 0 0.314
e 6 8 0 0.100
t # 106
v 0 0
v 1 3
v 2 0
v 3 0
v 4 0
v 5 0
v 6 0
v 7 0
v 8 0
v 9 0
e 0 2 0 0.124
e 0 3 0 0.071
e 1 2 1 0.082
e 2 4 0 0.143
e 3 5 1 0.304
e 3 6 0 0.379
e 3 7 1 0.513
e 4 9 0 0.450
e 6 9 0 0.099
t # 107
v 0 0
v 1 0
v 2 0
v 3 1
v 4 0
v 5 1
v 6 1
v 7 0
v 8 2
v 9 2
e 0 3 0 0.099
e 0 4 0 0.408
e 0 1 1 0.021
e 1 2 0 0.022
e 2 4 1 0.011
e 3 7 0 0.182
e 4 7 0 0.065
e 5 6 1 0.417
e 8 9 0 0.362
t # 108
v 0 0
v 1 0
v 2 1
v 3 0
v 4 0
v 5 0
v 6 0
v 7 0
v 8 0
v 9 0
e 0 7 0 0.481
e 1 2 0 0.101
e 1 3 0 0.213
e 1 4 1 0.079
e 2 8 0 0.264
e 2 9 0 0.429
e 3 4 0 0.021
e 3 5 1 0.378
e 4 9 1 0.161
e 6 8 0 0.497
t # 109
v 0 9
v 1 0
v 2 1
v 3 0
v 4 4
v 5 0
v 6 0
v 7 1
v 8 0
v 9 0
v 10 2
e 0 2 0 0.333
e 1 3 0 0.720
e 2 3 0 0.211
e 3 4 0 0.427
e 3 5 1 0.065
e 3 6 0 0.018
e 4 5 0 0.574
e 5 7 0 0.151
e 5 8 1 0.038
e 6 8 0 0.363
e 7 10 0 0.093
e 8 10 0 0.149
t # 110
v 0 0
v 1 3
v 2 0
v 3 0
v 4 1
v 5 0
v 6 0
v 7 0
v 8 0
v 9 0
e 0 2 0 0.253
e 0 3 0 0.046
e 0 4 0 0.097
e 1 4 0 0.267
e 3 4 0 0.069
e 3 5 0 0.127
e 4 8 1 0.162
e 4 9 0 0.042
t # 111
v 0 2
v 1 0
v 2 0
v 3 11
v 4 0
v 5 2
v 6 2
v 7 0
v 8 0
v 9 0
e 0 4 0 0.121
e 1 2 0 0.018
e 1 3 1 0.612
e 2 3 0 0.460
e 2 4 1 0.298
e 5 6 0 0.151
e 6 8 0 0.269
e 6 9 1 0.095
t # 112
v 0 0
v 1 0
v 2 0
v 3 0
v 4 0
v 5 0
v 6 0
v 7 0
v 8 0
v 9 0
v 10 0
e 0 5 0 0.343
e 0 3 0 0.214
e 1 2 0 0.234
e 1 3 1 0.210
e 1 4 0 0.765
e 2 6 1 0.110
e 2 4 1 0.173
e 2 7 1 0.039
e 3 5 0 0.131
e 3 4 0 0.082
e 5 7 0 0.279
e 5 10 0 0.695
t # 113
v 0 0
v 1 0
v 2 1
v 3 0
v 4 0
v 5 0
v 6 2
v 7 2
v 8 0
v 9 0
e 0 2 0 0.999
e 0 3 0 0.166
e 0 4 1 0.139
e 1 2 0 0.331
e 1 5 0 0.232
e 1 6 0 0.250
e 2 3 0 0.166
e 2 4 1 0.139
e 4 7 1 0.056
e 4 5 0 0.040
e 7 8 0 0.351
e 7 9 0 0.348
t # 114
v 0 1
v 1 0
v 2 0
v 3 0
v 4 0
v 5 0
v 6 0
v 7 0
v 8 0
v 9 0
e 0 2 1 0.143
e 0 3 0 0.083
e 1 6 0 0.263
e 2 3 0 0.074
e 2 5 0 0.046
e 3 6 0 0.387
e 4 8 1 0.366
e 4 9 1 0.038
e 5 6 0 0.269
t # 115
v 0 0
v 1 0
v 2 0
v 3 2
v 4 0
v 5 0
v 6 5
v 7 0
v 8 0
v 9 0
e 0 7 0 0.233
e 0 3 1 0.190
e 1 2 0 0.231
e 1 3 1 0.461
e 2 3 0 0.367
e 2 4 0 0.275
e 4 6 0 0.999
e 5 6 0 0.082
e 5 7 1 0.225
e 6 8 0 0.125
e 6 9 1 0.742
t # 116
v 0 0
v 1 0
v 2 0
v 3 0
v 4 0
v 5 0
v 6 1
v 7 5
v 8 0
v 9 0
e 0 2 0 0.610
e 0 3 0 0.038
e 2 4 0 0.377
e 2 5 0 0.086
e 2 6 1 0.060
e 3 7 0 0.004
e 5 8 0 0.377
e 5 9 0 0.245
e 6 8 0 0.086
e 7 8 1 0.060
t # 117
v 0 1
v 1 0
v 2 0
v 3 5
v 4 0
v 5 0
v 6 0
v 7 0
v 8 0
v 9 0
e 0 3 1 0.217
e 1 2 0 0.015
e 1 3 0 0.034
e 2 5 1 0.016
e 2 6 1 0.138
e 2 7 0 0.116
e 4 8 1 0.283
e 4 9 1 0.158
t # 118
v 0 0
v 1 25
v 2 2
v 3 2
v 4 2
v 5 2
v 6 2
v 7 2
v 8 0
v 9 0
e 0 6 0 0.334
e 0 8 0 0.475
e 1 2 0 0.077
e 1 3 1 0.364
e 1 4 0 0.034
e 1 5 0 0.287
e 1 6 0 0.013
e 1 7 0 0.089
e 6 8 0 0.197
e 6 9 1 0.671
t # 119
v 0 5
v 1 0
v 2 0
v 3 0
v 4 0
v 5 0
v 6 0
v 7 2
v 8 0
v 9 0
e 0 2 1 0.028
e 0 3 0 0.272
e 0 4 1 0.001
e 0 5 1 0.123
e 1 6 0 0.052
e 1 7 0 0.016
e 2 7 0 0.486
e 3 4 0 0.110
e 3 5 0 0.084
t # 120
v 0 0
v 1 5
v 2 0
v 3 0
v 4 0
v 5 0
v 6 0
v 7 2
v 8 0
v 9 0
e 0 6 1 0.310
e 0 7 0 0.115
e 1 2 0 0.101
e 1 3 1 0.083
e 1 4 1 0.074
e 1 5 1 0.155
e 3 4 0 0.372
e 4 8 0 0.029
e 4 9 1 0.479
t # 121
v 0 0
v 1 0
v 2 0
v 3 0
v 4 0
v 5 0
v 6 0
v 7 0
v 8 0
v 9 2
e 0 2 0 0.203
e 0 3 0 0.733
e 0 4 1 0.097
e 1 9 0 0.146
e 2 3 0 0.253
e 2 4 0 0.047
e 3 5 0 0.218
e 3 6 0 0.123
e 6 7 0 0.856
t # 122
v 0 0
v 1 0
v 2 0
v 3 0
v 4 0
v 5 1
v 6 0
v 7 2
v 8 0
v 9 0
e 0 2 0 0.355
e 0 3 0 0.071
e 1 2 0 0.399
e 2 3 0 0.031
e 2 4 0 0.030
e 4 6 0 0.167
e 5 8 0 0.712
e 7 9 1 0.247
t # 123
v 0 0
v 1 5
v 2 5
v 3 0
v 4 0
v 5 0
v 6 1
v 7 1
v 8 2
v 9 2
e 0 3 0 0.256
e 0 4 0 0.220
e 1 2 1 0.146
e 2 5 0 0.031
e 2 6 0 0.144
e 2 7 1 0.395
e 2 8 0 0.005
e 3 5 0 0.191
e 4 9 0 0.104
t # 124
v 0 0
v 1 0
v 2 0
v 3 1
v 4 2
v 5 2
v 6 0
v 7 0
v 8 9
v 9 0
e 0 6 0 0.192
e 0 7 1 0.016
e 0 8 0 0.327
e 0 9 0 0.284
e 1 2 0 0.246
e 1 3 1 0.017
e 1 4 0 0.264
e 2 5 0 0.212
e 2 4 0 0.201
e 3 5 0 0.074
e 4 5 0 0.218
t # 125
v 0 0
v 1 2
v 2 0
v 3 0
v 4 0
v 5 0
v 6 2
v 7 2
v 8 1
v 9 0
e 0 1 0 0.609
e 1 3 0 0.216
e 1 4 0 0.030
e 1 5 0 0.004
e 3 6 0 0.004
e 3 7 1 0.131
e 3 8 0 0.296
e 7 9 0 0.004
e 8 9 1 0.131
t # 126
v 0 0
v 1 0
v 2 1
v 3 0
v 4 2
v 5 0
v 6 0
v 7 0
v 8 2
v 9 2
e 0 3 0 0.999
e 0 4 0 0.044
e 1 2 0 0.896
e 1 3 0 0.006
e 2 4 0 0.227
e 3 4 0 0.020
e 5 9 0 0.253
t # 127
v 0 1
v 1 11
v 2 0
v 3 1
v 4 0
v 5 0
v 6 1
v 7 1
v 8 0
v 9 0
v 10 0
v 11 0
e 0 5 0 0.174
e 0 6 0 0.421
e 1 2 0 0.032
e 2 7 0 0.213
e 2 8 0 0.090
e 3 4 0 0.371
e 6 8 0 0.283
e 7 8 0 0.458
t # 128
v 0 0
v 1 2
v 2 0
v 3 1
v 4 2
v 5 0
v 6 1
v 7 1
v 8 0
v 9 1
e 0 2 1 0.450
e 0 3 0 0.543
e 0 4 1 0.092
e 1 2 1 0.955
e 1 5 0 0.277
e 1 6 1 0.170
e 3 4 1 0.349
e 4 5 1 0.186
e 4 6 0 0.062
e 4 7 1 0.488
e 5 8 0 0.142
e 5 9 0 0.088
e 6 8 1 0.156
t # 129
v 0 0
v 1 0
v 2 0
v 3 0
v 4 0
v 5 0
v 6 0
v 7 1
v 8 1
v 9 2
e 0 6 1 0.062
e 0 7 0 0.122
e 0 8 1 0.158
e 1 2 0 0.262
e 1 3 0 0.096
e 1 4 1 0.018
e 3 6 0 0.640
e 4 5 0 0.272
e 7 9 0 0.376
t # 130
v 0 0
v 1 0
v 2 0
v 3 2
v 4 0
v 5 2
v 6 2
v 7 1
v 8 4
v 9 0
e 0 6 0 0.164
e 0 3 0 0.085
e 0 7 0 0.385
e 1 2 1 0.019
e 1 3 0 0.298
e 2 3 0 0.999
e 2 4 0 0.058
e 2 5 1 0.133
e 5 8 1 0.348
e 5 9 0 0.200
e 7 9 0 0.127
t # 131
v 0 0
v 1 0
v 2 2
v 3 0
v 4 0
v 5 0
v 6 0
v 7 2
v 8 2
v 9 1
e 0 2 0 0.864
e 0 3 0 0.017
e 0 4 1 0.067
e 1 3 0 0.306
e 1 4 0 0.189
e 1 5 1 0.134
e 2 6 0 0.099
e 2 7 0 0.021
e 4 8 0 0.800
e 4 9 0 0.127
t # 132
v 0 0
v 1 0
v 2 1
v 3 0
v 4 0
v 5 1
v 6 1
v 7 0
v 8 0
v 9 0
e 0 2 0 0.184
e 0 3 0 0.105
e 1 4 0 0.569
e 1 5 0 0.317
e 3 5 1 0.215
e 3 6 0 0.013
e 4 6 1 0.109
e 4 5 0 0.030
e 5 9 0 0.627
e 6 9 1 0.054
e 7 9 0 0.256
t # 133
v 0 0
v 1 0
v 2 0
v 3 0
v 4 0
v 5 0
v 6 0
v 7 0
v 8 0
v 9 0
e 0 8 0 0.010
e 0 9 1 0.024
e 1 2 0 0.187
e 1 3 0 0.577
e 2 8 0 0.010
e 2 9 1 0.024
e 3 4 0 0.052
e 3 5 0 0.025
e 5 6 0 0.776
e 5 7 0 0.197
t # 134
v 0 1
v 1 0
v 2 0
v 3 0
v 4 0
v 5 1
v 6 1
v 7 0
v 8 0
v 9 0
e 1 2 0 0.207
e 2 3 0 0.224
e 2 4 0 0.172
e 2 5 0 0.246
e 3 6 0 0.097
e 3 7 0 0.908
e 3 8 0 0.094
e 4 9 0 0.224
e 5 9 0 0.172
e 6 9 0 0.246
t # 135
v 0 2
v 1 0
v 2 0
v 3 0
v 4 0
v 5 0
v 6 2
v 7 1
v 8 0
v 9 0
v 10 1
e 0 7 0 0.364
e 0 4 0 0.149
e 1 2 0 0.024
e 1 3 0 0.321
e 1 4 0 0.023
e 2 3 0 0.999
e 2 4 0 0.277
e 2 5 1 0.118
e 3 6 0 0.065
e 3 7 1 0.064
e 4 6 0 0.195
e 4 7 0 0.076
e 6 8 1 0.278
t # 136
v 0 0
v 1 0
v 2 0
v 3 0
v 4 2
v 5 0
v 6 1
v 7 2
v 8 0
v 9 2
e 0 3 0 0.102
e 0 4 0 0.001
e 1 2 0 0.040
e 1 3 1 0.362
e 2 4 1 0.185
e 2 5 0 0.060
e 3 7 1 0.099
e 4 9 1 0.001
e 5 6 0 0.202
e 5 7 1 0.333
e 7 8 0 0.250
e 7 9 1 0.292
t # 137
v 0 0
v 1 0
v 2 1
v 3 0
v 4 0
v 5 0
v 6 0
v 7 0
v 8 0
v 9 1
e 0 4 0 0.427
e 0 5 0 0.006
e 0 6 0 0.061
e 1 2 0 0.112
e 1 3 0 0.032
e 2 3 0 0.114
e 8 9 0 0.198
t # 138
v 0 1
v 1 1
v 2 0
v 3 0
v 4 4
v 5 1
v 6 0
v 7 0
v 8 0
v 9 0
e 0 3 0 0.048
e 1 2 0 0.159
e 2 6 0 0.406
e 2 7 0 0.554
e 3 6 0 0.999
e 3 8 0 0.114
e 4 5 0 0.051
e 5 9 1 0.135
e 5 7 0 0.285
t # 139
v 0 0
v 1 0
v 2 1
v 3 0
v 4 0
v 5 0
v 6 1
v 7 1
v 8 0
v 9 0
e 0 2 0 0.077
e 0 3 0 0.334
e 1 2 0 0.150
e 2 3 0 0.278
e 3 9 0 0.046
e 4 6 0 0.999
t # 140
v 0 0
v 1 0
v 2 1
v 3 0
v 4 0
v 5 0
v 6 0
v 7 0
v 8 7
v 9 0
e 0 2 0 0.186
e 0 3 0 0.354
e 0 4 0 0.462
e 1 4 0 0.035
e 1 5 0 0.424
e 2 6 0 0.067
e 2 8 0 0.120
e 5 6 1 0.116
e 5 7 0 0.278
e 6 9 0 0.033
t # 141
v 0 0
v 1 0
v 2 0
v 3 0
v 4 0
v 5 0
v 6 0
v 7 0
v 8 1
v 9 0
e 0 2 0 0.211
e 0 3 1 0.323
e 1 2 0 0.096
e 1 4 1 0.128
e 2 9 1 0.017
e 4 5 0 0.059
e 4 6 0 0.294
e 6 7 0 0.054
e 6 8 0 0.223
e 7 8 1 0.576
t # 142
v 0 1
v 1 0
v 2 0
v 3 2
v 4 0
v 5 0
v 6 0
v 7 0
v 8 0
v 9 0
e 0 6 1 0.462
e 0 7 0 0.393
e 1 2 1 0.209
e 1 3 0 0.014
e 1 4 0 0.141
e 2 3 1 0.498
e 2 4 0 0.066
e 2 5 0 0.026
e 3 4 1 0.050
e 4 5 0 0.034
e 4 6 1 0.090
e 4 7 0 0.176
e 5 6 0 0.164
e 7 9 0 0.107
t # 143
v 0 1
v 1 0
v 2 0
v 3 5
v 4 0
v 5 0
v 6 1
v 7 1
v 8 0
v 9 0
e 0 3 1 0.414
e 1 2 0 0.212
e 1 3 1 0.022
e 2 8 0 0.148
e 2 9 0 0.032
e 3 4 1 0.202
e 4 5 1 0.635
e 4 6 1 0.081
e 4 7 1 0.417
t # 144
v 0 1
v 1 0
v 2 0
v 3 1
v 4 0
v 5 0
v 6 1
v 7 2
v 8 0
v 9 0
e 0 2 0 0.051
e 0 3 0 0.185
e 1 5 0 0.235
e 1 2 1 0.173
e 1 6 0 0.008
e 2 3 0 0.227
e 3 5 0 0.365
e 3 6 0 0.067
e 4 7 1 0.061
e 5 7 0 0.565
t # 145
v 0 2
v 1 0
v 2 0
v 3 2
v 4 1
v 5 0
v 6 0
v 7 0
v 8 0
v 9 0
e 0 2 0 0.029
e 0 3 1 0.054
e 1 4 1 0.069
e 1 5 0 0.096
e 1 6 0 0.090
e 2 7 1 0.094
e 2 8 0 0.326
e 2 9 0 0.279
e 3 4 1 0.567
e 4 7 0 0.274
e 5 9 0 0.051
t # 146
v 0 0
v 1 7
v 2 0
v 3 1
v 4 0
v 5 0
v 6 0
v 7 0
v 8 2
v 9 1
e 0 2 0 0.058
e 0 3 0 0.022
e 0 4 1 0.031
e 1 3 0 0.026
e 2 4 0 0.408
e 3 7 0 0.045
e 4 5 0 0.225
e 4 6 0 0.269
e 7 8 0 0.051
e 7 9 0 0.824
t # 147
v 0 0
v 1 0
v 2 1
v 3 0
v 4 0
v 5 2
v 6 0
v 7 0
v 8 1
v 9 0
v 10 1
e 0 2 1 0.271
e 0 3 0 0.025
e 1 3 0 0.043
e 2 4 0 0.999
e 2 5 0 0.141
e 4 8 0 0.676
e 5 8 0 0.037
t # 148
v 0 0
v 1 0
v 2 0
v 3 0
v 4 0
v 5 0
v 6 1
v 7 2
v 8 0
v 9 0
e 0 3 0 0.007
e 1 2 1 0.017
e 1 3 0 0.058
e 1 4 0 0.024
e 2 5 0 0.225
e 2 4 1 0.154
e 4 8 1 0.154
e 4 5 1 0.013
e 4 9 0 0.251
e 5 6 0 0.001
e 5 7 1 0.219
e 6 8 0 0.225
t # 149
v 0 0
v 1 0
v 2 3
v 3 0
v 4 0
v 5 0
v 6 0
v 7 0
v 8 0
v 9 0
e 0 2 1 0.598
e 0 3 0 0.135
e 0 4 1 0.098
e 2 5 1 0.059
e 3 4 0 0.115
e 3 5 0 0.188
e 5 6 0 0.047
e 5 7 0 0.598
e 6 8 0 0.066
e 6 9 0 0.053
t # 150
v 0 0
v 1 0
v 2 2
v 3 0
v 4 2
v 5 2
v 6 0
v 7 0
v 8 0
v 9 1
e 0 4 0 0.085
e 0 5 0 0.035
e 1 2 1 0.059
e 1 3 0 0.999
e 1 4 0 0.066
e 2 3 1 0.543
e 2 6 1 0.090
e 3 4 0 0.574
e 4 7 0 0.291
e 5 7 1 0.008
e 5 8 0 0.572
e 8 9 0 0.999
t # 151
v 0 1
v 1 2
v 2 0
v 3 0
v 4 0
v 5 0
v 6 1
v 7 1
v 8 0
v 9 0
e 0 5 0 0.163
e 1 2 0 0.000
e 1 3 1 0.060
e 2 3 0 0.293
e 2 4 0 0.103
e 4 9 1 0.343
e 5 8 0 0.424
e 7 8 0 0.123
t # 152
v 0 2
v 1 1
v 2 1
v 3 0
v 4 0
v 5 0
v 6 0
v 7 0
v 8 0
v 9 0
e 0 4 0 0.002
e 1 2 1 0.059
e 1 3 0 0.066
e 2 5 1 0.406
e 2 6 0 0.011
e 3 4 0 0.463
e 3 5 0 0.283
e 5 9 0 0.377
e 6 7 0 0.311
e 6 8 0 0.103
t # 153
v 0 2
v 1 0
v 2 0
v 3 0
v 4 2
v 5 0
v 6 0
v 7 0
v 8 11
v 9 0
v 10 2
e 0 5 1 0.062
e 0 3 0 0.366
e 0 4 0 0.999
e 1 2 0 0.208
e 1 3 0 0.156
e 1 4 0 0.032
e 2 7 0 0.999
e 2 8 0 0.048
e 2 4 0 0.142
e 3 5 0 0.395
e 4 7 0 0.031
t # 154
v 0 0
v 1 0
v 2 0
v 3 0
v 4 0
v 5 0
v 6 0
v 7 0
v 8 0
v 9 0
e 0 2 0 0.239
e 0 3 0 0.171
e 0 4 1 0.122
e 1 6 0 0.119
e 2 5 0 0.060
e 2 6 0 0.216
e 4 8 1 0.127
e 7 8 0 0.006
e 8 9 0 0.044
t # 155
v 0 0
v 1 0
v 2 0
v 3 2
v 4 0
v 5 0
v 6 0
v 7 0
v 8 1
v 9 0
e 0 2 0 0.114
e 0 3 0 0.060
e 1 3 1 0.850
e 1 4 0 0.112
e 2 8 0 0.419
e 2 5 0 0.369
e 2 9 1 0.296
e 3 6 0 0.443
e 3 7 0 0.090
e 4 5 0 0.476
e 4 6 0 0.228
t # 156
v 0 0
v 1 0
v 2 0
v 3 0
v 4 0
v 5 2
v 6 0
v 7 0
v 8 2
v 9 0
e 0 2 1 0.011
e 0 3 0 0.122
e 1 5 0 0.392
e 1 6 0 0.088
e 2 6 0 0.176
e 3 5 0 0.004
e 3 6 0 0.316
e 4 7 0 0.106
e 5 6 0 0.344
e 6 7 0 0.534
e 6 8 1 0.433
e 7 8 0 0.027
t # 157
v 0 0
v 1 0
v 2 1
v 3 3
v 4 0
v 5 0
v 6 0
v 7 0
v 8 0
v 9 0
v 10 0
e 0 2 0 0.094
e 0 3 0 0.052
e 0 4 0 0.062
e 1 4 0 0.565
e 1 5 0 0.232
e 1 6 1 0.345
e 2 3 1 0.406
e 3 4 1 0.090
e 4 5 0 0.577
e 5 6 0 0.079
e 5 7 0 0.406
t # 158
v 0 2
v 1 0
v 2 2
v 3 0
v 4 1
v 5 0
v 6 0
v 7 0
v 8 0
v 9 1
e 0 2 0 0.139
e 0 3 1 0.384
e 1 5 0 0.615
e 1 6 1 0.020
e 1 7 0 0.064
e 2 3 0 0.739
e 2 4 0 0.182
e 3 5 0 0.739
e 3 7 0 0.057
e 4 5 0 0.182
e 8 9 0 0.957
t # 159
v 0 0
v 1 0
v 2 0
v 3 0
v 4 0
v 5 0
v 6 0
v 7 0
v 8 0
v 9 1
e 0 2 0 0.071
e 0 3 0 0.084
e 0 4 1 0.600
e 1 3 0 0.147
e 1 6 1 0.470
e 2 4 0 0.006
e 4 7 0 0.098
e 5 6 1 0.277
e 7 9 0 0.383
t # 160
v 0 0
v 1 0
v 2 0
v 3 0
v 4 1
v 5 0
v 6 0
v 7 1
v 8 0
v 9 1
e 0 6 0 0.083
e 0 1 0 0.298
e 0 7 1 0.108
e 1 2 0 0.141
e 3 4 0 0.033
e 3 5 1 0.071
e 3 6 0 0.308
e 4 8 1 0.287
e 5 7 1 0.343
e 5 8 0 0.169
t # 161
v 0 0
v 1 0
v 2 1
v 3 0
v 4 0
v 5 5
v 6 0
v 7 2
v 8 3
v 9 0
e 0 3 0 0.302
e 0 4 1 0.358
e 1 2 0 0.057
e 3 6 1 0.229
e 4 5 0 0.257
e 4 6 1 0.146
e 4 7 1 0.035
e 5 8 0 0.060
e 5 9 1 0.004
t # 162
v 0 1
v 1 0
v 2 0
v 3 0
v 4 0
v 5 0
v 6 0
v 7 0
v 8 0
v 9 0
e 0 4 0 0.227
e 1 2 0 0.300
e 1 3 0 0.151
e 2 5 0 0.351
e 3 6 0 0.144
e 3 7 0 0.002
e 3 8 0 0.118
e 7 9 0 0.148
t # 163
v 0 0
v 1 0
v 2 0
v 3 0
v 4 0
v 5 0
v 6 0
v 7 0
v 8 2
v 9 0
e 0 2 0 0.081
e 0 3 1 0.556
e 2 6 0 0.314
e 2 7 0 0.854
e 3 4 1 0.453
e 3 5 0 0.737
e 4 8 1 0.048
e 4 9 0 0.130
t # 164
v 0 0
v 1 0
v 2 1
v 3 0
v 4 0
v 5 0
v 6 1
v 7 0
v 8 0
v 9 0
e 0 2 0 0.130
e 1 4 0 0.078
e 1 5 0 0.232
e 1 6 0 0.312
e 2 3 0 0.113
e 2 4 0 0.762
t # 165
v 0 0
v 1 2
v 2 2
v 3 0
v 4 2
v 5 0
v 6 0
v 7 1
v 8 0
v 9 0
v 10 0
v 11 0
v 12 1
e 0 1 1 0.572
e 0 2 1 0.196
e 0 6 0 0.025
e 2 3 0 0.826
e 3 4 0 0.279
e 3 7 0 0.114
e 4 5 0 0.315
e 4 8 1 0.073
e 5 6 0 0.026
e 8 9 0 0.221
e 9 10 1 0.093
e 10 11 1 0.012
e 11 12 0 0.328
t # 166
v 0 0
v 1 0
v 2 0
v 3 0
v 4 0
v 5 0
v 6 0
v 7 4
v 8 4
v 9 0
e 0 2 0 0.013
e 0 3 0 0.257
e 0 4 0 0.474
e 2 4 0 0.141
e 3 4 0 0.350
e 4 6 1 0.555
e 6 7 0 0.097
e 7 9 0 0.062
e 8 9 1 0.261
t # 167
v 0 0
v 1 0
v 2 0
v 3 1
v 4 2
v 5 5
v 6 0
v 7 1
v 8 0
v 9 0
e 0 2 0 0.243
e 0 3 0 0.044
e 1 4 0 0.347
e 1 5 0 0.075
e 1 6 1 0.505
e 2 4 1 0.301
e 2 5 0 0.041
e 2 6 1 0.148
e 7 9 0 0.007
t # 168
v 0 0
v 1 0
v 2 0
v 3 0
v 4 0
v 5 0
v 6 0
v 7 0
v 8 0
v 9 0
e 0 2 0 0.352
e 0 3 0 0.176
e 1 7 0 0.104
e 1 8 0 0.032
e 1 9 0 0.283
e 2 3 0 0.209
e 2 4 0 0.174
e 2 5 0 0.105
e 2 6 0 0.328
e 3 4 1 0.435
e 3 5 0 0.037
e 4 9 0 0.242
t # 169
v 0 0
v 1 0
v 2 0
v 3 2
v 4 2
v 5 0
v 6 0
v 7 0
v 8 1
v 9 0
e 0 2 0 0.232
e 0 3 0 0.281
e 0 4 1 0.006
e 1 4 0 0.068
e 1 5 0 0.041
e 3 6 0 0.423
e 3 7 1 0.631
e 4 6 0 0.079
e 5 6 1 0.089
e 7 9 0 0.112
t # 170
v 0 0
v 1 0
v 2 0
v 3 2
v 4 0
v 5 0
v 6 0
v 7 0
v 8 1
v 9 0
e 0 5 0 0.260
e 1 2 0 0.833
e 1 3 0 0.254
e 2 5 0 0.122
e 2 6 0 0.291
e 3 4 1 0.005
e 4 7 0 0.692
e 5 9 1 0.031
e 5 7 0 0.160
e 7 8 0 0.154
t # 171
v 0 0
v 1 0
v 2 0
v 3 0
v 4 1
v 5 1
v 6 0
v 7 1
v 8 0
v 9 0
e 0 2 0 0.290
e 0 3 0 0.148
e 0 4 1 0.119
e 2 4 0 0.089
e 2 5 0 0.553
e 3 8 0 0.166
e 3 9 0 0.255
t # 172
v 0 1
v 1 0
v 2 0
v 3 0
v 4 0
v 5 0
v 6 0
v 7 0
v 8 2
v 9 0
e 0 2 0 0.164
e 1 3 1 0.172
e 1 4 0 0.025
e 2 5 0 0.138
e 3 4 0 0.133
e 3 5 0 0.402
e 4 5 0 0.201
e 4 6 1 0.088
e 5 9 0 0.273
t # 173
v 0 0
v 1 0
v 2 2
v 3 1
v 4 0
v 5 0
v 6 0
v 7 0
v 8 0
v 9 0
e 0 2 0 0.045
e 0 1 1 0.127
e 2 3 1 0.291
e 2 4 0 0.317
e 3 5 1 0.239
e 3 6 0 0.228
e 6 7 1 0.878
e 6 8 0 0.060
e 8 9 0 0.075
t # 174
v 0 1
v 1 0
v 2 0
v 3 0
v 4 1
v 5 0
v 6 0
v 7 0
v 8 2
v 9 2
e 0 3 0 0.029
e 1 2 0 0.634
e 1 3 0 0.124
e 1 4 0 0.041
e 2 4 0 0.010
e 2 5 0 0.416
e 2 6 0 0.133
e 4 6 0 0.313
e 5 6 0 0.023
e 6 9 1 0.182
e 8 9 0 0.026
t # 175
v 0 2
v 1 1
v 2 0
v 3 0
v 4 0
v 5 0
v 6 0
v 7 0
v 8 0
v 9 0
e 0 8 1 0.029
e 1 2 0 0.016
e 2 3 0 0.015
e 2 4 1 0.227
e 3 6 0 0.039
e 3 7 0 0.063
e 3 8 0 0.042
e 4 7 0 0.015
e 4 8 1 0.216
e 5 9 0 0.087
e 6 9 1 0.139
t # 176
v 0 1
v 1 0
v 2 1
v 3 1
v 4 5
v 5 0
v 6 0
v 7 2
v 8 0
v 9 0
e 0 4 1 0.002
e 1 2 0 0.001
e 1 3 1 0.088
e 2 3 1 0.261
e 5 6 0 0.209
e 5 7 0 0.750
e 6 9 0 0.219
t # 177
v 0 0
v 1 0
v 2 0
v 3 5
v 4 0
v 5 1
v 6 0
v 7 0
v 8 0
v 9 0
e 0 2 0 0.311
e 0 3 0 0.477
e 1 3 0 0.030
e 2 7 0 0.240
e 2 5 0 0.565
e 6 8 0 0.093
e 6 9 0 0.408
t # 178
v 0 0
v 1 0
v 2 0
v 3 0
v 4 0
v 5 0
v 6 0
v 7 0
v 8 1
v 9 1
e 0 2 1 0.526
e 0 3 0 0.022
e 0 4 1 0.262
e 1 6 0 0.219
e 1 7 0 0.124
e 2 8 0 0.143
e 2 9 1 0.283
e 4 5 0 0.322
t # 179
v 0 2
v 1 0
v 2 1
v 3 0
v 4 0
v 5 0
v 6 5
v 7 2
v 8 0
v 9 0
e 0 2 0 0.141
e 0 3 0 0.374
e 1 5 0 0.303
e 1 6 0 0.611
e 2 4 1 0.458
e 3 6 0 0.007
e 4 7 0 0.129
e 4 8 1 0.198
e 5 8 0 0.587
e 5 9 0 0.374
t # 180
v 0 0
v 1 1
v 2 0
v 3 0
v 4 1
v 5 0
v 6 0
v 7 0
v 8 0
v 9 0
e 0 6 0 0.425
e 0 7 0 0.307
e 1 2 1 0.108
e 4 6 0 0.016
e 4 8 0 0.601
t # 181
v 0 0
v 1 26
v 2 1
v 3 5
v 4 0
v 5 1
v 6 3
v 7 0
v 8 0
v 9 26
e 0 2 1 0.061
e 0 3 0 0.017
e 1 3 1 0.212
e 1 4 0 0.643
e 4 5 1 0.197
e 4 6 0 0.035
e 6 9 0 0.943
t # 182
v 0 0
v 1 0
v 2 0
v 3 0
v 4 2
v 5 2
v 6 0
v 7 1
v 8 0
v 9 1
e 0 3 0 0.232
e 0 4 0 0.077
e 0 5 1 0.026
e 1 2 1 0.022
e 1 3 0 0.115
e 1 4 1 0.112
e 2 5 1 0.477
e 2 6 0 0.443
e 3 4 1 0.451
e 3 5 1 0.224
e 3 6 0 0.370
e 4 5 0 0.105
e 4 6 0 0.035
e 5 7 0 0.302
t # 183
v 0 2
v 1 0
v 2 0
v 3 0
v 4 2
v 5 2
v 6 1
v 7 0
v 8 0
v 9 0
e 0 2 1 0.079
e 0 3 1 0.050
e 1 4 0 0.387
e 1 5 1 0.123
e 1 6 0 0.194
e 3 7 0 0.114
e 3 8 0 0.557
e 4 9 0 0.107
e 8 9 0 0.031
t # 184
v 0 2
v 1 0
v 2 0
v 3 0
v 4 0
v 5 0
v 6 1
v 7 1
v 8 0
v 9 1
e 0 5 1 0.271
e 0 3 0 0.197
e 1 2 0 0.292
e 1 3 1 0.106
e 2 3 0 0.185
e 2 4 0 0.396
e 3 5 0 0.215
e 4 6 0 0.135
e 4 7 1 0.136
e 6 8 0 0.371
e 6 9 0 0.041
t # 185
v 0 0
v 1 0
v 2 0
v 3 0
v 4 0
v 5 0
v 6 2
v 7 0
v 8 5
v 9 0
e 0 3 1 0.115
e 0 7 0 0.056
e 0 8 1 0.488
e 1 2 1 0.452
e 1 3 0 0.045
e 2 4 0 0.085
e 2 5 0 0.112
e 2 6 0 0.004
e 5 9 0 0.085
e 6 9 0 0.112
e 6 8 0 0.071
e 7 9 0 0.004
t # 186
v 0 0
v 1 0
v 2 0
v 3 0
v 4 0
v 5 0
v 6 1
v 7 1
v 8 0
v 9 1
v 10 1
v 11 0
e 0 1 0 0.543
e 0 2 0 0.392
e 0 5 0 0.159
e 1 4 0 0.001
e 1 2 0 0.096
e 2 3 0 0.016
e 4 9 1 0.458
e 4 10 1 0.136
e 5 6 0 0.010
e 5 7 1 0.388
e 7 8 0 0.155
e 10 11 0 0.255
t # 187
v 0 0
v 1 0
v 2 0
v 3 0
v 4 0
v 5 0
v 6 0
v 7 0
v 8 2
v 9 0
e 0 6 1 0.216
e 0 7 0 0.023
e 0 8 1 0.106
e 1 2 0 0.252
e 1 3 0 0.095
e 1 4 0 0.520
e 2 9 0 0.024
e 3 5 1 0.042
e 4 5 1 0.244
e 5 7 0 0.116
e 6 9 0 0.044
t # 188
v 0 0
v 1 0
v 2 0
v 3 0
v 4 0
v 5 0
v 6 1
v 7 0
v 8 0
v 9 0
v 10 0
e 0 2 0 0.223
e 0 3 0 0.023
e 0 4 0 0.345
e 1 6 0 0.213
e 1 7 0 0.152
e 1 3 0 0.265
e 2 3 1 0.106
e 2 5 0 0.685
e 3 4 0 0.306
e 4 5 0 0.105
e 5 7 0 0.303
e 6 10 1 0.796
e 6 8 0 0.489
e 9 10 0 0.856
t # 189
v 0 0
v 1 0
v 2 0
v 3 0
v 4 0
v 5 0
v 6 0
v 7 2
v 8 0
v 9 0
e 0 5 1 0.090
e 0 6 1 0.748
e 0 7 1 0.999
e 1 2 0 0.647
e 1 3 0 0.039
e 1 4 1 0.005
e 2 3 0 0.098
e 3 4 0 0.080
e 5 9 0 0.351
t # 190
v 0 0
v 1 0
v 2 0
v 3 0
v 4 2
v 5 0
v 6 0
v 7 0
v 8 0
v 9 1
e 0 2 0 0.368
e 0 3 0 0.012
e 1 2 1 0.503
e 2 5 0 0.774
e 2 6 0 0.195
e 3 4 1 0.001
e 3 5 1 0.477
e 3 6 0 0.365
e 4 7 0 0.005
e 4 8 0 0.315
e 8 9 0 0.222
t # 191
v 0 1
v 1 0
v 2 0
v 3 1
v 4 0
v 5 0
v 6 1
v 7 1
v 8 1
v 9 0
e 0 4 0 0.172
e 1 2 0 0.072
e 1 3 0 0.294
e 3 5 0 0.022
e 6 8 1 0.193
e 7 9 1 0.071
t # 192
v 0 0
v 1 1
v 2 0
v 3 0
v 4 0
v 5 1
v 6 0
v 7 0
v 8 0
v 9 0
e 0 3 1 0.500
e 0 4 0 0.391
e 0 5 0 0.121
e 1 2 0 0.090
e 2 7 0 0.310
e 4 7 0 0.086
e 5 6 1 0.507
e 5 7 0 0.128
e 6 9 0 0.087
e 8 9 1 0.034
t # 193
v 0 0
v 1 0
v 2 0
v 3 0
v 4 0
v 5 0
v 6 2
v 7 0
v 8 3
v 9 0
e 0 2 0 0.072
e 0 3 1 0.226
e 1 4 1 0.999
e 1 5 0 0.253
e 1 6 0 0.084
e 2 7 1 0.179
e 2 8 0 0.088
e 3 9 0 0.107
e 8 9 1 0.179
t # 194
v 0 0
v 1 0
v 2 3
v 3 0
v 4 0
v 5 1
v 6 1
v 7 0
v 8 0
v 9 0
e 0 3 0 0.012
e 1 2 1 0.081
e 1 3 1 0.690
e 2 3 0 0.119
e 3 8 0 0.011
e 4 6 1 0.362
t # 195
v 0 0
v 1 0
v 2 0
v 3 0
v 4 1
v 5 0
v 6 0
v 7 0
v 8 0
v 9 0
e 0 2 0 0.267
e 0 3 0 0.134
e 1 7 0 0.316
e 1 8 0 0.302
e 2 4 1 0.083
e 2 5 0 0.229
e 2 6 1 0.017
e 5 9 1 0.083
e 6 9 0 0.229
e 7 9 1 0.017
t # 196
v 0 0
v 1 0
v 2 2
v 3 0
v 4 0
v 5 0
v 6 0
v 7 0
v 8 5
v 9 0
e 0 6 1 0.265
e 0 7 0 0.091
e 0 8 0 0.110
e 1 2 0 0.105
e 2 4 1 0.298
e 2 5 0 0.477
e 2 6 0 0.161
e 3 7 1 0.670
e 3 8 0 0.117
e 3 9 0 0.189
t # 197
v 0 0
v 1 0
v 2 0
v 3 2
v 4 2
v 5 0
v 6 1
v 7 0
v 8 0
v 9 2
e 0 2 0 0.127
e 0 3 1 0.299
e 1 4 0 0.153
e 1 5 0 0.331
e 2 4 0 0.200
e 3 5 1 0.204
e 3 6 0 0.144
e 4 8 1 0.685
e 4 9 0 0.242
e 5 7 1 0.070
t # 198
v 0 0
v 1 2
v 2 0
v 3 0
v 4 0
v 5 0
v 6 0
v 7 0
v 8 0
v 9 0
e 0 2 0 0.180
e 1 3 0 0.134
e 1 4 0 0.287
e 1 2 1 0.617
e 2 7 0 0.077
e 3 7 0 0.002
e 4 9 0 0.108
e 5 8 0 0.461
e 6 8 1 0.182
e 6 9 0 0.070
e 7 8 0 0.457
t # 199
v 0 5
v 1 0
v 2 0
v 3 0
v 4 0
v 5 0
v 6 0
v 7 1
v 8 3
v 9 0
v 10 0
e 0 3 0 0.123
e 1 2 0 0.203
e 1 3 0 0.337
e 1 4 0 0.224
e 1 5 0 0.019
e 2 3 0 0.130
e 2 7 0 0.047
e 2 4 1 0.544
e 3 5 0 0.436
e 3 6 1 0.473
e 4 6 0 0.009
e 6 7 0 0.014
t # 200
v 0 1
v 1 1
v 2 1
v 3 0
v 4 0
v 5 1
v 6 0
v 7 1
v 8 0
v 9 2
e 0 2 1 0.252
e 1 3 1 0.215
e 2 5 0 0.158
e 6 7 0 0.370
e 6 8 1 0.503
e 8 9 0 0.232
t # 201
v 0 0
v 1 2
v 2 0
v 3 1
v 4 1
v 5 1
v 6 2
v 7 0
v 8 0
v 9 0
e 0 2 1 0.190
e 0 3 0 0.503
e 1 6 0 0.104
e 1 7 0 0.096
e 2 8 0 0.181
e 3 7 0 0.087
e 3 5 0 0.444
e 4 9 0 0.226
e 5 8 0 0.087
t # 202
v 0 0
v 1 0
v 2 0
v 3 0
v 4 0
v 5 0
v 6 0
v 7 1
v 8 2
v 9 0
e 0 2 0 0.622
e 0 3 1 0.461
e 0 4 0 0.075
e 1 5 1 0.218
e 1 6 0 0.270
e 2 7 0 0.163
e 2 8 0 0.238
e 3 4 0 0.856
e 3 5 0 0.010
e 3 6 0 0.521
e 4 9 0 0.212
e 5 6 1 0.195
e 5 7 0 0.341
t # 203
v 0 2
v 1 0
v 2 2
v 3 0
v 4 1
v 5 2
v 6 0
v 7 2
v 8 1
v 9 0
e 0 2 1 0.048
e 1 3 1 0.156
e 1 4 0 0.298
e 2 6 0 0.035
e 2 7 0 0.132
e 3 5 0 0.104
e 4 8 0 0.577
e 4 9 0 0.176
t # 204
v 0 0
v 1 0
v 2 1
v 3 1
v 4 1
v 5 1
v 6 2
v 7 0
v 8 0
v 9 0
e 0 2 1 0.307
e 0 3 0 0.386
e 1 5 1 0.358
e 1 6 0 0.397
e 2 4 1 0.162
e 3 4 0 0.008
e 4 6 1 0.159
e 5 6 0 0.442
t # 205
v 0 0
v 1 0
v 2 0
v 3 0
v 4 0
v 5 0
v 6 2
v 7 1
v 8 2
v 9 0
e 0 3 0 0.376
e 0 1 0 0.009
e 2 4 0 0.012
e 2 5 0 0.085
e 2 6 0 0.071
e 3 6 0 0.158
e 3 7 1 0.724
e 3 8 0 0.453
e 5 8 0 0.184
e 7 9 0 0.343
t # 206
v 0 0
v 1 0
v 2 0
v 3 0
v 4 1
v 5 0
v 6 1
v 7 0
v 8 0
v 9 0
v 10 0
v 11 0
v 12 0
v 13 0
v 14 0
e 0 2 0 0.081
e 1 5 0 0.020
e 1 6 1 0.009
e 1 7 1 0.285
e 2 3 0 0.064
e 2 4 0 0.116
e 2 5 1 0.352
e 3 6 0 0.163
e 3 7 1 0.613
e 3 8 0 0.276
e 5 7 0 0.489
e 5 14 0 0.298
e 6 7 0 0.030
t # 207
v 0 2
v 1 0
v 2 0
v 3 2
v 4 5
v 5 0
v 6 0
v 7 2
v 8 0
v 9 0
v 10 0
e 0 2 0 0.282
e 0 3 0 0.020
e 1 2 0 0.105
e 1 5 0 0.105
e 2 3 0 0.077
e 2 4 0 0.069
e 3 4 0 0.929
e 3 5 0 0.121
e 6 7 1 0.202
t # 208
v 0 0
v 1 0
v 2 0
v 3 0
v 4 7
v 5 1
v 6 1
v 7 1
v 8 1
v 9 2
e 0 2 0 0.391
e 0 3 0 0.482
e 1 2 0 0.103
e 3 9 1 0.132
e 4 5 0 0.020
e 4 6 0 0.125
e 4 7 1 0.032
e 4 8 0 0.083
t # 209
v 0 0
v 1 0
v 2 0
v 3 1
v 4 0
v 5 0
v 6 0
v 7 0
v 8 2
v 9 1
e 0 5 1 0.004
e 0 3 0 0.011
e 0 4 1 0.535
e 1 2 0 0.279
e 1 3 0 0.069
e 1 4 0 0.772
e 2 4 0 0.342
e 6 7 0 0.259
e 6 8 0 0.041
e 7 8 0 0.158
e 7 9 0 0.215
t # 210
v 0 5
v 1 0
v 2 0
v 3 3
v 4 0
v 5 2
v 6 0
v 7 0
v 8 0
v 9 0
v 10 0
e 0 1 1 0.145
e 1 2 0 0.137
e 1 3 0 0.200
e 2 3 0 0.418
e 2 4 0 0.331
e 2 5 0 0.084
e 3 7 0 0.016
e 4 5 0 0.407
e 4 6 0 0.354
e 6 10 0 0.497
t # 211
v 0 4
v 1 0
v 2 17
v 3 0
v 4 0
v 5 0
v 6 0
v 7 0
v 8 2
v 9 0
v 10 0
v 11 0
v 12 0
e 0 2 0 0.290
e 1 4 0 0.080
e 1 5 0 0.198
e 2 3 0 0.048
e 2 4 0 0.117
e 3 5 0 0.040
e 3 6 0 0.103
e 3 7 0 0.045
e 4 8 0 0.162
t # 212
v 0 0
v 1 0
v 2 0
v 3 0
v 4 0
v 5 0
v 6 0
v 7 0
v 8 0
v 9 0
e 0 2 1 0.847
e 0 3 0 0.063
e 1 4 0 0.082
e 1 5 0 0.778
e 1 6 1 0.247
e 2 8 0 0.041
e 3 7 0 0.308
e 4 9 0 0.177
t # 213
v 0 1
v 1 0
v 2 0
v 3 3
v 4 0
v 5 0
v 6 0
v 7 1
v 8 1
v 9 0
e 0 4 1 0.269
e 0 5 0 0.078
e 1 2 0 0.150
e 1 3 0 0.371
e 1 4 1 0.112
e 2 5 0 0.216
e 2 3 1 0.178
e 3 5 0 0.246
e 5 8 0 0.190
e 6 7 0 0.009
t # 214
v 0 1
v 1 0
v 2 1
v 3 0
v 4 0
v 5 1
v 6 0
v 7 0
v 8 2
v 9 2
e 0 2 0 0.014
e 1 3 0 0.482
e 1 4 1 0.054
e 2 5 1 0.104
e 4 5 0 0.207
e 4 6 1 0.030
e 4 7 1 0.099
e 7 8 1 0.278
e 8 9 0 0.196
t # 215
v 0 0
v 1 1
v 2 1
v 3 0
v 4 2
v 5 0
v 6 0
v 7 0
v 8 0
v 9 0
v 10 0
v 11 0
v 12 0
v 13 0
e 0 5 0 0.012
e 1 2 1 0.368
e 1 3 0 0.064
e 2 3 0 0.013
e 2 4 0 0.169
e 3 13 1 0.737
e 4 8 0 0.279
e 5 8 0 0.548
e 6 7 0 0.383
e 7 8 1 0.146
t # 216
v 0 1
v 1 2
v 2 0
v 3 0
v 4 0
v 5 0
v 6 0
v 7 0
v 8 0
v 9 0
e 0 2 0 0.637
e 0 3 0 0.099
e 1 3 1 0.029
e 1 4 1 0.064
e 2 3 0 0.174
e 3 6 0 0.268
e 5 6 0 0.061
e 5 8 0 0.270
e 7 9 0 0.401
t # 217
v 0 1
v 1 4
v 2 1
v 3 0
v 4 0
v 5 0
v 6 0
v 7 2
v 8 0
v 9 0
e 0 3 0 0.148
e 0 4 0 0.370
e 1 2 0 0.051
e 2 5 0 0.166
e 3 5 1 0.016
e 4 6 0 0.103
e 5 9 0 0.024
e 5 6 0 0.179
e 7 9 0 0.452
t # 218
v 0 0
v 1 1
v 2 0
v 3 0
v 4 0
v 5 0
v 6 0
v 7 0
v 8 2
v 9 0
e 0 3 1 0.064
e 1 2 1 0.136
e 3 4 0 0.412
e 5 8 0 0.203
e 5 9 0 0.025
e 8 9 0 0.227
t # 219
v 0 0
v 1 1
v 2 0
v 3 0
v 4 0
v 5 0
v 6 0
v 7 0
v 8 0
v 9 2
e 0 3 1 0.266
e 0 4 0 0.347
e 1 2 1 0.542
e 2 5 0 0.686
e 3 5 1 0.003
e 3 6 0 0.126
e 4 5 1 0.109
e 7 8 1 0.121
e 7 9 1 0.001
t # 220
v 0 5
v 1 1
v 2 0
v 3 0
v 4 1
v 5 0
v 6 0
v 7 0
v 8 0
v 9 0
v 10 0
v 11 0
v 12 0
v 13 0
v 14 0
e 0 1 0 0.266
e 0 2 1 0.206
e 0 3 0 0.227
e 0 4 0 0.085
e 2 5 1 0.163
e 2 9 1 0.575
e 3 10 1 0.179
e 3 14 1 0.058
e 5 6 0 0.155
e 6 7 1 0.051
e 7 8 0 0.204
e 8 9 1 0.005
e 10 11 0 0.045
e 11 12 1 0.308
e 12 13 0 0.185
e 13 14 0 0.288
t # 221
v 0 0
v 1 2
v 2 0
v 3 0
v 4 0
v 5 2
v 6 0
v 7 1
v 8 0
v 9 1
e 0 7 1 0.359
e 0 2 0 0.160
e 0 8 0 0.171
e 1 2 1 0.206
e 1 3 0 0.065
e 2 3 0 0.129
e 4 5 0 0.043
e 5 6 0 0.419
e 7 8 0 0.049
t # 222
v 0 2
v 1 0
v 2 0
v 3 2
v 4 1
v 5 0
v 6 0
v 7 0
v 8 0
v 9 0
v 10 0
e 0 2 1 0.850
e 0 3 0 0.336
e 0 4 0 0.173
e 1 4 0 0.314
e 1 5 1 0.396
e 2 3 0 0.683
e 2 4 0 0.537
e 3 5 0 0.405
e 3 6 0 0.280
e 5 6 1 0.727
t # 223
v 0 0
v 1 0
v 2 0
v 3 0
v 4 2
v 5 0
v 6 2
v 7 1
v 8 2
v 9 2
e 0 2 0 0.052
e 0 3 1 0.496
e 0 4 0 0.077
e 0 5 1 0.372
e 1 3 0 0.037
e 1 4 1 0.169
e 1 5 0 0.283
e 2 8 0 0.274
e 3 7 0 0.062
e 3 8 1 0.040
e 5 6 0 0.964
e 7 9 1 0.009
t # 224
v 0 0
v 1 2
v 2 0
v 3 0
v 4 0
v 5 2
v 6 1
v 7 0
v 8 2
v 9 1
e 0 2 0 0.336
e 0 1 0 0.065
e 2 5 0 0.137
e 2 8 1 0.205
e 2 9 0 0.691
e 3 5 0 0.455
e 3 6 0 0.626
e 3 7 1 0.003
e 4 5 0 0.137
e 4 8 1 0.205
e 4 9 0 0.691
e 5 8 1 0.205
e 5 9 0 0.691
t # 225
v 0 0
v 1 0
v 2 0
v 3 1
v 4 0
v 5 1
v 6 1
v 7 0
v 8 0
v 9 1
e 0 2 0 0.064
e 0 3 0 0.015
e 1 4 1 0.706
e 1 5 0 0.616
e 2 3 0 0.071
e 5 6 0 0.109
e 7 9 0 0.094
t # 226
v 0 0
v 1 0
v 2 5
v 3 0
v 4 1
v 5 0
v 6 1
v 7 1
v 8 0
v 9 0
e 0 2 1 0.491
e 0 3 0 0.353
e 1 4 0 0.190
e 1 5 0 0.294
e 2 5 1 0.018
e 2 6 1 0.014
e 2 4 0 0.004
e 2 7 1 0.417
e 3 4 0 0.398
e 5 8 1 0.009
e 5 9 0 0.264
t # 227
v 0 0
v 1 2
v 2 0
v 3 0
v 4 0
v 5 2
v 6 0
v 7 0
v 8 1
v 9 0
e 0 2 0 0.478
e 0 3 0 0.670
e 0 1 1 0.240
e 1 4 0 0.020
e 2 4 0 0.077
e 2 5 0 0.264
e 3 5 0 0.058
e 3 6 1 0.011
e 3 7 0 0.361
e 4 8 0 0.191
t # 228
v 0 0
v 1 0
v 2 1
v 3 5
v 4 0
v 5 0
v 6 0
v 7 0
v 8 1
v 9 0
e 0 2 1 0.257
e 0 3 0 0.421
e 1 4 0 0.250
e 1 3 0 0.163
e 1 5 0 0.157
e 2 3 0 0.553
e 3 6 0 0.083
e 4 8 1 0.001
e 4 9 1 0.910
e 5 8 1 0.022
e 5 7 1 0.104
e 6 9 0 0.038
e 7 9 1 0.189
t # 229
v 0 0
v 1 0
v 2 0
v 3 0
v 4 0
v 5 1
v 6 0
v 7 0
v 8 0
v 9 5
e 0 2 1 0.025
e 0 3 0 0.292
e 0 4 1 0.160
e 1 8 0 0.187
e 1 9 1 0.310
e 1 2 0 0.400
e 2 7 1 0.357
e 3 6 0 0.521
e 3 7 0 0.099
e 4 5 0 0.200
e 4 6 0 0.032
e 5 9 0 0.022
t # 230
v 0 0
v 1 0
v 2 0
v 3 0
v 4 0
v 5 0
v 6 0
v 7 0
v 8 0
v 9 0
e 1 2 0 0.199
e 1 3 0 0.161
e 1 4 1 0.689
e 2 4 0 0.211
e 2 5 1 0.201
e 2 6 0 0.042
e 3 7 0 0.109
e 4 5 1 0.405
e 4 6 0 0.101
e 5 7 0 0.066
e 6 8 0 0.037
e 8 9 1 0.069
t # 231
v 0 0
v 1 0
v 2 0
v 3 1
v 4 0
v 5 0
v 6 0
v 7 1
v 8 0
v 9 1
e 1 2 0 0.253
e 1 3 0 0.870
e 1 4 0 0.112
e 2 5 0 0.022
e 2 6 0 0.030
e 2 7 0 0.387
e 6 8 0 0.022
e 7 8 0 0.030
e 7 9 1 0.121
t # 232
v 0 1
v 1 0
v 2 0
v 3 0
v 4 0
v 5 2
v 6 1
v 7 0
v 8 0
v 9 2
e 0 2 0 0.017
e 1 6 0 0.999
e 2 3 0 0.668
e 2 4 0 0.087
e 3 5 0 0.371
e 3 6 1 0.135
e 5 9 1 0.046
t # 233
v 0 0
v 1 0
v 2 0
v 3 0
v 4 0
v 5 0
v 6 0
v 7 0
v 8 0
v 9 0
e 0 4 0 0.083
e 0 5 0 0.074
e 0 6 1 0.131
e 1 2 1 0.117
e 1 3 1 0.654
e 2 8 1 0.138
e 2 9 0 0.722
e 3 7 0 0.235
e 7 8 0 0.253
t # 234
v 0 0
v 1 0
v 2 1
v 3 0
v 4 0
v 5 2
v 6 0
v 7 0
v 8 0
v 9 0
e 1 2 0 0.319
e 1 3 0 0.050
e 1 4 0 0.266
e 2 4 0 0.214
e 3 5 0 0.255
e 3 6 1 0.042
e 3 7 0 0.246
e 6 7 0 0.246
e 6 8 0 0.092
t # 235
v 0 0
v 1 0
v 2 0
v 3 0
v 4 0
v 5 2
v 6 1
v 7 2
v 8 1
v 9 0
e 0 1 1 0.036
e 0 2 0 0.088
e 1 5 1 0.514
e 1 6 0 0.334
e 2 3 0 0.265
e 2 4 1 0.229
e 2 5 1 0.168
e 3 4 1 0.275
e 5 7 1 0.379
e 5 8 0 0.598
e 6 8 1 0.079
t # 236
v 0 2
v 1 2
v 2 1
v 3 0
v 4 0
v 5 0
v 6 3
v 7 2
v 8 1
v 9 0
e 0 3 0 0.275
e 0 4 0 0.383
e 1 2 0 0.001
e 1 3 0 0.164
e 5 7 1 0.115
e 7 8 0 0.010
e 7 9 1 0.682
t # 237
v 0 1
v 1 0
v 2 2
v 3 0
v 4 0
v 5 0
v 6 0
v 7 5
v 8 2
v 9 0
e 0 4 0 0.102
e 1 2 1 0.612
e 1 3 0 0.002
e 2 3 0 0.063
e 2 4 0 0.999
e 4 5 1 0.230
e 4 6 0 0.124
e 4 7 0 0.042
e 5 8 1 0.077
e 5 9 0 0.041
t # 238
v 0 0
v 1 0
v 2 0
v 3 0
v 4 0
v 5 1
v 6 0
v 7 0
v 8 0
v 9 1
e 0 8 0 0.440
e 0 9 0 0.495
e 1 2 1 0.419
e 1 3 0 0.368
e 1 4 1 0.688
e 2 7 0 0.212
e 4 5 0 0.170
e 4 6 0 0.579
t # 239
v 0 0
v 1 0
v 2 0
v 3 0
v 4 0
v 5 0
v 6 0
v 7 1
v 8 1
v 9 1
e 0 2 0 0.999
e 0 3 1 0.547
e 1 4 0 0.091
e 2 4 0 0.257
e 3 4 0 0.041
e 3 5 1 0.388
e 5 8 0 0.930
t # 240
v 0 0
v 1 0
v 2 1
v 3 0
v 4 2
v 5 0
v 6 2
v 7 0
v 8 0
v 9 2
e 0 2 1 0.434
e 0 3 0 0.147
e 0 4 0 0.160
e 1 6 0 0.584
e 1 9 0 0.050
e 1 8 0 0.020
e 2 4 0 0.284
e 3 6 0 0.129
e 3 5 0 0.343
e 4 7 0 0.729
e 4 8 1 0.041
t # 241
v 0 0
v 1 0
v 2 0
v 3 5
v 4 0
v 5 5
v 6 0
v 7 0
v 8 0
v 9 0
e 0 3 0 0.003
e 0 2 1 0.560
e 0 4 0 0.147
e 1 2 1 0.085
e 2 5 0 0.040
e 2 6 0 0.177
e 3 8 0 0.999
e 4 7 1 0.999
e 5 6 0 0.351
e 8 9 0 0.181
t # 242
v 0 0
v 1 0
v 2 1
v 3 0
v 4 2
v 5 2
v 6 0
v 7 1
v 8 0
v 9 0
e 0 2 0 0.036
e 1 3 0 0.040
e 1 4 1 0.013
e 1 5 0 0.803
e 2 8 1 0.269
e 3 6 1 0.365
e 3 7 0 0.132
e 5 9 1 0.244
e 7 8 1 0.062
t # 243
v 0 0
v 1 0
v 2 0
v 3 1
v 4 5
v 5 0
v 6 0
v 7 1
v 8 0
v 9 0
e 0 2 0 0.007
e 0 3 0 0.150
e 1 3 0 0.140
e 1 4 0 0.120
e 1 5 0 0.116
e 2 5 1 0.841
e 2 6 0 0.303
e 3 4 1 0.127
e 4 6 0 0.491
e 5 7 0 0.082
e 5 8 1 0.673
t # 244
v 0 0
v 1 0
v 2 0
v 3 0
v 4 0
v 5 0
v 6 1
v 7 0
v 8 0
v 9 2
e 0 3 0 0.065
e 1 2 0 0.999
e 1 3 0 0.368
e 2 4 0 0.758
e 3 5 1 0.084
e 4 5 0 0.025
e 5 9 1 0.036
e 6 9 0 0.136
t # 245
v 0 0
v 1 0
v 2 0
v 3 0
v 4 0
v 5 1
v 6 0
v 7 0
v 8 0
v 9 0
v 10 1
e 0 2 1 0.014
e 0 3 0 0.144
e 0 4 0 0.083
e 1 7 0 0.062
e 2 5 0 0.069
e 2 6 0 0.053
e 2 3 0 0.061
e 2 4 0 0.174
e 5 7 0 0.548
e 5 8 0 0.030
e 7 8 1 0.196
e 7 10 0 0.275
t # 246
v 0 7
v 1 1
v 2 0
v 3 0
v 4 2
v 5 0
v 6 0
v 7 0
v 8 0
v 9 0
e 0 2 0 0.062
e 0 3 0 0.098
e 0 4 1 0.473
e 0 5 0 0.036
e 1 6 0 0.970
e 3 7 0 0.662
e 3 8 0 0.023
e 4 5 0 0.338
e 5 6 0 0.087
e 5 7 0 0.046
t # 247
v 0 0
v 1 0
v 2 0
v 3 0
v 4 0
v 5 1
v 6 0
v 7 8
v 8 0
v 9 0
e 0 2 0 0.197
e 1 2 0 0.112
e 1 3 0 0.193
e 2 4 0 0.228
e 3 5 0 0.070
e 3 6 0 0.027
e 3 7 0 0.033
e 4 7 0 0.289
e 4 8 0 0.055
t # 248
v 0 0
v 1 0
v 2 1
v 3 0
v 4 0
v 5 0
v 6 0
v 7 0
v 8 0
v 9 0
e 0 1 0 0.223
e 0 2 0 0.781
e 0 3 0 0.098
e 2 3 0 0.247
e 5 6 0 0.097
e 5 7 0 0.102
e 7 8 0 0.003
t # 249
v 0 0
v 1 1
v 2 0
v 3 0
v 4 0
v 5 0
v 6 0
v 7 0
v 8 0
v 9 0
e 0 2 0 0.030
e 0 1 0 0.126
e 0 3 1 0.083
e 2 3 0 0.097
e 3 5 1 0.023
e 3 6 0 0.280
e 3 7 0 0.188
t # 250
v 0 5
v 1 5
v 2 2
v 3 0
v 4 2
v 5 0
v 6 0
v 7 2
v 8 0
v 9 0
e 0 1 0 0.163
e 0 2 0 0.015
e 1 7 0 0.233
e 2 6 1 0.120
e 3 4 0 0.507
e 3 5 0 0.165
e 4 6 1 0.111
e 6 9 0 0.044
e 8 9 1 0.335
t # 251
v 0 2
v 1 0
v 2 0
v 3 1
v 4 0
v 5 5
v 6 0
v 7 0
v 8 1
v 9 1
e 0 2 1 0.237
e 0 3 0 0.007
e 1 2 0 0.020
e 1 4 0 0.333
e 1 5 0 0.016
e 3 4 0 0.361
e 4 6 1 0.446
e 4 7 0 0.014
e 4 8 1 0.066
e 5 7 1 0.050
e 5 8 1 0.770
e 5 9 1 0.099
e 6 7 0 0.199
t # 252
v 0 0
v 1 2
v 2 0
v 3 1
v 4 1
v 5 0
v 6 0
v 7 1
v 8 0
v 9 0
e 0 2 0 0.016
e 0 3 0 0.016
e 0 1 0 0.086
e 1 7 0 0.144
e 1 4 0 0.774
e 2 3 0 0.021
e 2 4 0 0.179
e 3 6 0 0.338
e 3 7 0 0.251
e 5 8 1 0.001
e 5 9 1 0.001
e 6 7 0 0.438
e 7 8 1 0.109
t # 253
v 0 0
v 1 0
v 2 0
v 3 2
v 4 0
v 5 1
v 6 0
v 7 0
v 8 0
v 9 1
e 0 2 0 0.278
e 0 3 0 0.999
e 0 4 0 0.385
e 1 3 0 0.014
e 1 4 0 0.518
e 2 5 0 0.040
e 2 6 0 0.106
e 3 7 0 0.149
e 4 7 0 0.019
e 4 8 0 0.090
e 8 9 0 0.753
t # 254
v 0 0
v 1 1
v 2 0
v 3 0
v 4 0
v 5 0
v 6 0
v 7 0
v 8 0
v 9 1
e 0 2 0 0.084
e 0 3 0 0.152
e 0 4 0 0.110
e 1 5 0 0.031
e 1 6 1 0.311
e 2 7 0 0.352
e 2 8 0 0.100
e 2 9 0 0.803
e 3 6 0 0.040
t # 255
v 0 0
v 1 0
v 2 3
v 3 0
v 4 0
v 5 0
v 6 0
v 7 0
v 8 0
v 9 0
e 0 1 0 0.076
e 0 2 0 0.171
e 0 3 0 0.138
e 1 3 1 0.121
e 1 4 1 0.607
e 2 7 1 0.254
e 4 5 1 0.020
e 4 6 0 0.128
e 7 9 1 0.425
t # 256
v 0 1
v 1 0
v 2 0
v 3 0
v 4 0
v 5 0
v 6 0
v 7 1
v 8 1
v 9 0
e 0 2 1 0.134
e 1 5 0 0.357
e 1 6 0 0.069
e 2 3 1 0.004
e 2 4 0 0.091
e 3 5 0 0.096
e 3 7 0 0.377
e 3 8 1 0.144
e 4 9 0 0.048
t # 257
v 0 0
v 1 1
v 2 0
v 3 1
v 4 0
v 5 0
v 6 1
v 7 0
v 8 0
v 9 0
e 0 8 0 0.160
e 0 9 0 0.134
e 0 6 1 0.523
e 1 2 1 0.345
e 2 3 0 0.288
e 2 4 1 0.089
e 2 5 0 0.014
e 4 6 1 0.063
e 4 7 1 0.299
t # 258
v 0 5
v 1 0
v 2 0
v 3 0
v 4 0
v 5 0
v 6 5
v 7 1
v 8 0
v 9 0
e 0 2 0 0.761
e 0 3 1 0.231
e 0 4 1 0.031
e 0 5 1 0.070
e 1 5 0 0.178
e 1 6 1 0.321
e 1 7 0 0.110
e 2 3 0 0.224
e 2 4 0 0.168
e 3 8 0 0.193
e 3 9 0 0.305
t # 259
v 0 0
v 1 2
v 2 1
v 3 0
v 4 0
v 5 0
v 6 3
v 7 2
v 8 0
v 9 0
e 0 4 0 0.351
e 1 2 1 0.048
e 1 3 0 0.639
e 2 3 1 0.114
e 2 4 0 0.036
e 3 7 1 0.013
e 3 8 0 0.040
e 5 7 0 0.279
e 7 8 0 0.102
t # 260
v 0 5
v 1 1
v 2 1
v 3 0
v 4 1
v 5 1
v 6 0
v 7 0
v 8 1
v 9 0
v 10 0
e 0 2 0 0.247
e 0 1 1 0.098
e 0 3 1 0.220
e 0 4 1 0.181
e 2 5 1 0.217
e 3 4 0 0.061
e 3 5 0 0.120
e 5 6 1 0.491
t # 261
v 0 0
v 1 0
v 2 0
v 3 0
v 4 0
v 5 0
v 6 0
v 7 1
v 8 0
v 9 0
e 0 2 1 0.348
e 0 3 0 0.020
e 0 4 1 0.959
e 2 3 0 0.039
e 2 4 0 0.031
e 2 5 0 0.387
e 4 8 0 0.126
e 4 9 1 0.619
e 5 6 1 0.064
e 5 7 0 0.108
t # 262
v 0 0
v 1 5
v 2 0
v 3 0
v 4 1
v 5 0
v 6 0
v 7 0
v 8 0
v 9 1
e 0 5 0 0.218
e 1 2 0 0.055
e 1 3 0 0.121
e 1 4 1 0.008
e 1 5 1 0.262
e 2 3 0 0.299
e 2 4 2 0.098
e 3 4 2 0.145
e 3 5 0 0.707
e 4 6 0 0.248
t # 263
v 0 0
v 1 0
v 2 2
v 3 0
v 4 0
v 5 0
v 6 0
v 7 0
v 8 0
v 9 0
e 0 1 0 0.560
e 0 2 0 0.415
e 0 3 1 0.123
e 1 4 0 0.091
e 1 5 0 0.236
e 2 4 0 0.401
e 3 8 0 0.356
e 3 9 1 0.295
e 4 5 0 0.004
e 5 6 0 0.401
e 5 7 1 0.073
t # 264
v 0 1
v 1 1
v 2 0
v 3 1
v 4 2
v 5 0
v 6 0
v 7 1
v 8 1
v 9 0
e 1 2 1 0.007
e 2 5 0 0.045
e 2 6 0 0.099
e 3 4 1 0.643
e 5 7 0 0.072
e 5 8 1 0.299
e 6 9 0 0.015
t # 265
v 0 0
v 1 5
v 2 5
v 3 0
v 4 0
v 5 1
v 6 0
v 7 0
v 8 0
v 9 0
e 0 2 0 0.000
e 0 3 1 0.076
e 0 1 0 0.096
e 2 3 0 0.160
e 3 6 0 0.262
e 4 6 0 0.135
e 5 7 1 0.103
e 6 9 1 0.369
t # 266
v 0 5
v 1 0
v 2 0
v 3 0
v 4 0
v 5 0
v 6 5
v 7 0
v 8 1
v 9 1
e 0 7 0 0.296
e 0 8 0 0.070
e 0 9 1 0.357
e 1 2 0 0.420
e 1 3 1 0.244
e 1 4 0 0.117
e 4 5 0 0.631
e 4 6 0 0.551
t # 267
v 0 2
v 1 0
v 2 0
v 3 0
v 4 0
v 5 1
v 6 0
v 7 0
v 8 0
v 9 1
e 0 3 0 0.061
e 0 4 0 0.928
e 1 2 0 0.515
e 1 3 0 0.249
e 2 3 1 0.042
e 3 4 1 0.009
e 3 5 1 0.322
e 4 8 1 0.119
e 6 7 0 0.018
t # 268
v 0 1
v 1 1
v 2 1
v 3 0
v 4 2
v 5 0
v 6 2
v 7 0
v 8 0
v 9 2
e 0 3 0 0.661
e 1 2 0 0.005
e 1 3 0 0.260
e 2 4 0 0.193
e 2 5 0 0.085
e 4 6 1 0.001
t # 269
v 0 0
v 1 1
v 2 1
v 3 0
v 4 0
v 5 0
v 6 0
v 7 0
v 8 0
v 9 1
e 0 2 0 0.020
e 0 3 0 0.034
e 0 4 0 0.012
e 1 3 0 0.183
e 1 5 0 0.024
e 2 5 0 0.453
e 2 6 0 0.139
e 5 7 0 0.164
e 5 8 0 0.232
e 5 9 0 0.115
t # 270
v 0 1
v 1 2
v 2 2
v 3 0
v 4 0
v 5 0
v 6 0
v 7 0
v 8 0
v 9 0
e 0 4 1 0.016
e 1 2 1 0.113
e 1 3 0 0.204
e 2 8 0 0.514
e 2 9 1 0.027
e 4 5 1 0.343
e 4 6 0 0.048
e 6 7 0 0.109
t # 271
v 0 0
v 1 0
v 2 1
v 3 0
v 4 0
v 5 0
v 6 0
v 7 0
v 8 0
v 9 0
v 10 0
v 11 11
e 0 4 0 0.125
e 0 7 0 0.112
e 0 8 1 0.402
e 1 2 0 0.416
e 1 3 0 0.611
e 2 5 0 0.022
e 3 6 0 0.120
e 4 5 1 0.001
e 7 8 1 0.101
t # 272
v 0 0
v 1 0
v 2 0
v 3 7
v 4 0
v 5 0
v 6 0
v 7 0
v 8 0
v 9 1
e 0 3 0 0.062
e 0 4 0 0.955
e 1 2 0 0.009
e 1 3 0 0.032
e 2 9 1 0.231
e 4 5 0 0.999
e 6 8 0 0.242
t # 273
v 0 1
v 1 0
v 2 2
v 3 2
v 4 0
v 5 0
v 6 0
v 7 1
v 8 2
v 9 0
e 0 2 0 0.494
e 0 3 0 0.003
e 1 3 0 0.069
e 1 4 0 0.099
e 2 5 1 0.389
e 3 8 0 0.315
e 3 5 0 0.004
e 5 6 0 0.307
e 5 7 0 0.193
t # 274
v 0 0
v 1 0
v 2 0
v 3 0
v 4 0
v 5 0
v 6 1
v 7 0
v 8 0
v 9 2
e 0 2 1 0.068
e 0 3 0 0.025
e 0 4 0 0.042
e 1 3 0 0.031
e 1 4 0 0.371
e 2 5 0 0.235
e 3 7 0 0.164
e 3 8 1 0.135
e 3 9 0 0.016
e 5 6 0 0.193
e 5 7 0 0.028
t # 275
v 0 0
v 1 0
v 2 0
v 3 0
v 4 0
v 5 0
v 6 1
v 7 1
v 8 5
v 9 0
e 0 4 0 0.304
e 0 5 0 0.113
e 1 2 0 0.235
e 1 3 1 0.325
e 2 8 0 0.458
e 2 9 0 0.091
e 3 5 0 0.054
e 3 6 0 0.273
e 3 7 1 0.283
t # 276
v 0 1
v 1 0
v 2 1
v 3 0
v 4 0
v 5 0
v 6 0
v 7 0
v 8 1
v 9 1
e 0 2 0 0.385
e 2 3 0 0.465
e 3 4 1 0.030
e 3 5 0 0.085
e 4 7 0 0.130
e 4 8 0 0.289
e 4 9 1 0.021
t # 277
v 0 0
v 1 0
v 2 2
v 3 0
v 4 0
v 5 0
v 6 0
v 7 0
v 8 0
v 9 0
e 0 2 1 0.138
e 0 3 0 0.356
e 0 4 0 0.030
e 1 5 0 0.002
e 1 3 1 0.511
e 2 5 1 0.051
e 2 4 0 0.019
e 5 8 0 0.054
e 5 9 0 0.149
t # 278
v 0 0
v 1 0
v 2 1
v 3 0
v 4 0
v 5 0
v 6 0
v 7 0
v 8 0
v 9 0
e 0 2 0 0.083
e 0 3 1 0.488
e 1 4 0 0.135
e 1 5 0 0.119
e 1 6 0 0.343
e 2 3 0 0.019
e 3 6 0 0.038
e 6 7 1 0.063
e 7 8 0 0.138
e 8 9 0 0.270
t # 279
v 0 0
v 1 0
v 2 0
v 3 1
v 4 0
v 5 0
v 6 2
v 7 1
v 8 1
v 9 0
e 0 2 1 0.538
e 0 3 0 0.797
e 0 4 1 0.259
e 1 7 0 0.197
e 1 8 0 0.136
e 1 9 1 0.026
e 2 3 0 0.033
e 2 4 0 0.404
e 3 4 1 0.153
e 4 5 0 0.535
e 4 6 0 0.027
t # 280
v 0 2
v 1 0
v 2 0
v 3 0
v 4 0
v 5 0
v 6 0
v 7 2
v 8 2
v 9 0
e 0 6 0 0.127
e 0 7 1 0.074
e 1 2 0 0.293
e 1 3 0 0.109
e 2 4 1 0.262
e 2 5 1 0.026
e 4 8 1 0.865
e 4 9 1 0.228
t # 281
v 0 0
v 1 0
v 2 0
v 3 0
v 4 0
v 5 0
v 6 0
v 7 0
v 8 0
v 9 0
e 0 2 1 0.323
e 0 3 0 0.484
e 0 4 1 0.244
e 1 9 0 0.095
e 2 5 1 0.050
e 2 4 0 0.134
e 4 9 0 0.281
e 5 6 0 0.103
e 6 7 0 0.776
e 6 8 0 0.159
t # 282
v 0 0
v 1 0
v 2 0
v 3 1
v 4 1
v 5 0
v 6 0
v 7 1
v 8 0
v 9 0
e 0 5 0 0.266
e 0 6 1 0.270
e 0 7 1 0.198
e 1 2 0 0.088
e 2 3 0 0.403
e 2 4 0 0.578
e 3 8 0 0.032
e 4 9 0 0.239
e 5 9 0 0.353
t # 283
v 0 2
v 1 0
v 2 1
v 3 5
v 4 0
v 5 1
v 6 0
v 7 0
v 8 0
v 9 5
e 0 2 0 0.108
e 0 3 0 0.130
e 1 3 1 0.143
e 1 4 0 0.230
e 1 5 1 0.012
e 2 9 1 0.279
e 3 5 1 0.032
e 4 6 0 0.039
e 4 7 0 0.601
e 6 8 0 0.145
t # 284
v 0 2
v 1 1
v 2 1
v 3 0
v 4 2
v 5 0
v 6 1
v 7 0
v 8 0
v 9 11
e 0 2 0 0.092
e 0 3 0 0.253
e 0 4 0 0.999
e 1 4 0 0.328
e 1 3 1 0.068
e 2 4 0 0.895
e 3 4 0 0.036
e 3 5 0 0.019
e 3 6 1 0.165
e 6 9 0 0.140
t # 285
v 0 0
v 1 0
v 2 1
v 3 0
v 4 0
v 5 0
v 6 0
v 7 0
v 8 0
v 9 3
e 0 2 1 0.018
e 0 3 0 0.161
e 1 3 1 0.753
e 1 4 0 0.081
e 1 5 1 0.031
e 2 6 0 0.356
e 3 5 0 0.262
e 3 6 1 0.217
e 4 7 1 0.394
e 5 7 0 0.114
e 7 8 0 0.398
e 7 9 1 0.051
t # 286
v 0 0
v 1 0
v 2 0
v 3 0
v 4 1
v 5 0
v 6 0
v 7 0
v 8 0
v 9 0
e 0 2 0 0.163
e 0 3 0 0.035
e 0 4 0 0.824
e 0 5 0 0.042
e 1 3 0 0.042
e 2 5 0 0.091
e 3 4 0 0.447
e 3 5 1 0.171
e 3 6 1 0.225
e 4 7 1 0.144
e 4 8 0 0.364
e 8 9 0 0.030
t # 287
v 0 0
v 1 0
v 2 1
v 3 0
v 4 0
v 5 0
v 6 0
v 7 0
v 8 1
v 9 0
e 0 3 0 0.678
e 0 4 0 0.060
e 1 2 0 0.326
e 1 3 0 0.013
e 2 5 0 0.385
e 3 6 0 0.091
e 3 7 1 0.999
e 6 8 1 0.036
e 6 9 1 0.428
t # 288
v 0 0
v 1 0
v 2 1
v 3 1
v 4 0
v 5 5
v 6 5
v 7 1
v 8 1
v 9 0
e 0 1 0 0.094
e 0 3 0 0.398
e 0 4 0 0.016
e 1 2 0 0.286
e 1 9 0 0.633
e 4 5 0 0.366
e 5 6 0 0.265
e 6 7 0 0.086
e 6 8 1 0.646
e 6 9 1 0.369
t # 289
v 0 1
v 1 0
v 2 0
v 3 0
v 4 0
v 5 0
v 6 7
v 7 0
v 8 0
v 9 0
e 0 6 0 0.271
e 0 7 0 0.164
e 1 2 0 0.070
e 1 3 1 0.037
e 3 4 1 0.088
e 3 5 0 0.447
e 4 8 0 0.369
e 8 9 0 0.999
t # 290
v 0 0
v 1 1
v 2 0
v 3 0
v 4 0
v 5 0
v 6 2
v 7 1
v 8 1
v 9 2
e 1 2 0 0.162
e 2 3 0 0.023
e 2 4 1 0.566
e 4 5 0 0.023
e 4 6 0 0.276
e 4 7 1 0.798
e 5 8 0 0.131
e 5 9 0 0.075
t # 291
v 0 1
v 1 0
v 2 0
v 3 1
v 4 0
v 5 1
v 6 0
v 7 0
v 8 0
v 9 0
e 0 2 1 0.141
e 1 3 0 0.048
e 1 4 0 0.043
e 1 5 0 0.381
e 2 6 0 0.290
e 2 7 0 0.393
e 3 4 0 0.857
e 4 7 1 0.118
e 4 8 1 0.179
e 7 9 0 0.366
t # 292
v 0 2
v 1 0
v 2 2
v 3 0
v 4 2
v 5 0
v 6 0
v 7 1
v 8 0
v 9 1
v 10 0
v 11 5
v 12 0
v 13 0
v 14 1
e 0 1 0 0.488
e 1 2 1 0.097
e 1 6 0 0.339
e 2 3 0 0.015
e 3 4 0 0.157
e 3 7 0 0.029
e 4 5 0 0.466
e 4 8 1 0.072
e 5 6 0 0.083
e 8 9 0 0.230
e 8 12 0 0.492
e 9 10 0 0.195
e 10 11 0 0.332
e 10 13 0 0.295
e 11 12 1 0.092
e 13 14 0 0.164
t # 293
v 0 0
v 1 0
v 2 5
v 3 0
v 4 1
v 5 1
v 6 1
v 7 0
v 8 0
v 9 0
e 0 2 1 0.012
e 0 3 0 0.041
e 0 4 1 0.291
e 2 4 0 0.209
e 2 5 1 0.865
e 2 6 1 0.173
e 2 7 0 0.316
e 4 8 0 0.039
e 8 9 0 0.577
t # 294
v 0 0
v 1 1
v 2 0
v 3 0
v 4 0
v 5 0
v 6 1
v 7 0
v 8 0
v 9 0
v 10 0
e 0 2 0 0.175
e 0 3 1 0.108
e 1 6 0 0.979
e 2 4 0 0.391
e 2 5 0 0.173
e 3 8 1 0.103
e 7 10 1 0.267
t # 295
v 0 0
v 1 0
v 2 0
v 3 2
v 4 1
v 5 0
v 6 0
v 7 0
v 8 0
v 9 1
e 0 2 0 0.165
e 1 3 0 0.172
e 1 4 1 0.008
e 2 6 1 0.486
e 2 7 1 0.431
e 2 5 0 0.058
e 3 6 0 0.086
e 3 9 0 0.016
e 4 5 0 0.214
e 5 6 0 0.607
e 7 8 0 0.167
t # 296
v 0 5
v 1 1
v 2 0
v 3 1
v 4 2
v 5 0
v 6 0
v 7 2
v 8 0
v 9 0
e 0 3 0 0.054
e 0 4 0 0.219
e 0 5 1 0.191
e 0 6 1 0.402
e 1 2 0 0.015
e 2 3 0 0.083
e 2 4 1 0.025
e 3 9 0 0.340
e 4 7 0 0.088
e 4 8 0 0.380
t # 297
v 0 0
v 1 1
v 2 0
v 3 2
v 4 0
v 5 0
v 6 4
v 7 2
v 8 0
v 9 0
e 0 2 0 0.043
e 0 3 0 0.431
e 1 4 0 0.384
e 1 5 0 0.362
e 2 5 0 0.154
e 2 6 0 0.019
e 3 4 0 0.073
e 3 5 0 0.094
t # 298
v 0 0
v 1 0
v 2 0
v 3 0
v 4 0
v 5 1
v 6 0
v 7 0
v 8 0
v 9 4
e 0 2 0 0.473
e 0 3 1 0.148
e 0 4 0 0.025
e 2 5 0 0.605
e 3 5 0 0.605
e 4 7 0 0.007
e 5 7 0 0.147
e 5 8 0 0.109
t # 299
v 0 0
v 1 0
v 2 0
v 3 0
v 4 1
v 5 0
v 6 0
v 7 0
v 8 0
v 9 0
e 0 3 0 0.294
e 0 4 1 0.149
e 1 2 0 0.238
e 1 3 1 0.739
e 2 9 0 0.135
e 3 4 1 0.017
e 4 7 0 0.044
e 4 8 1 0.120
e 5 6 0 0.067
e 6 9 0 0.135
t # 300
v 0 0
v 1 0
v 2 1
v 3 0
v 4 0
v 5 0
v 6 0
v 7 1
v 8 0
v 9 0
e 0 2 1 0.023
e 0 3 0 0.067
e 0 4 0 0.165
e 1 5 0 0.109
e 1 6 0 0.272
e 1 7 1 0.101
e 2 9 0 0.283
e 5 6 0 0.082
e 5 7 0 0.167
e 5 8 0 0.467
e 7 9 0 0.109
t # 301
v 0 0
v 1 0
v 2 0
v 3 2
v 4 0
v 5 0
v 6 2
v 7 0
v 8 2
v 9 0
e 0 5 1 0.112
e 0 6 1 0.337
e 0 7 0 0.244
e 1 2 0 0.112
e 1 3 0 0.399
e 1 4 0 0.104
e 2 8 0 0.204
e 2 9 1 0.127
t # 302
v 0 0
v 1 0
v 2 0
v 3 0
v 4 0
v 5 1
v 6 2
v 7 1
v 8 0
v 9 2
e 0 2 0 0.285
e 0 3 0 0.304
e 1 6 0 0.014
e 1 7 0 0.732
e 2 9 0 0.812
e 2 7 0 0.141
e 3 7 0 0.226
e 4 5 0 0.089
e 5 7 0 0.103
t # 303
v 0 1
v 1 0
v 2 0
v 3 0
v 4 2
v 5 0
v 6 1
v 7 0
v 8 0
v 9 2
e 0 5 0 0.054
e 1 2 0 0.264
e 1 3 1 0.170
e 1 4 0 0.263
e 2 9 0 0.702
e 3 5 1 0.216
e 3 6 0 0.010
e 3 7 1 0.140
e 4 7 0 0.076
e 4 5 0 0.038
e 5 7 1 0.077
e 6 8 1 0.245
e 7 8 0 0.147
t # 304
v 0 1
v 1 1
v 2 2
v 3 2
v 4 2
v 5 0
v 6 2
v 7 2
v 8 0
v 9 0
e 0 3 0 0.085
e 1 2 1 0.465
e 2 5 1 0.518
e 2 6 0 0.377
e 3 7 0 0.276
e 3 8 0 0.176
e 4 9 0 0.018
e 6 9 0 0.485
t # 305
v 0 1
v 1 0
v 2 0
v 3 2
v 4 0
v 5 0
v 6 0
v 7 0
v 8 0
v 9 0
e 0 7 1 0.115
e 1 2 0 0.370
e 1 3 0 0.086
e 1 4 1 0.076
e 2 5 1 0.088
e 2 6 1 0.309
e 2 7 0 0.985
e 4 9 0 0.317
e 5 8 0 0.071
t # 306
v 0 0
v 1 0
v 2 0
v 3 0
v 4 2
v 5 1
v 6 0
v 7 0
v 8 2
v 9 0
e 0 4 0 0.011
e 1 2 0 0.064
e 1 3 0 0.011
e 2 4 0 0.005
e 2 5 0 0.229
e 2 6 1 0.129
e 3 7 0 0.489
e 3 8 1 0.358
e 5 9 0 0.005
e 6 9 0 0.229
e 7 9 1 0.129
t # 307
v 0 0
v 1 0
v 2 0
v 3 0
v 4 0
v 5 0
v 6 0
v 7 0
v 8 1
v 9 0
e 0 2 0 0.176
e 0 3 0 0.202
e 0 4 0 0.256
e 3 6 0 0.260
e 3 7 0 0.046
e 4 5 0 0.092
e 6 9 1 0.038
e 7 8 0 0.741
t # 308
v 0 2
v 1 0
v 2 0
v 3 0
v 4 1
v 5 0
v 6 0
v 7 2
v 8 0
v 9 2
e 0 5 0 0.134
e 0 6 0 0.079
e 1 2 0 0.999
e 1 3 0 0.369
e 1 4 0 0.278
e 6 7 0 0.023
e 7 8 0 0.330
e 8 9 1 0.225
t # 309
v 0 0
v 1 1
v 2 0
v 3 0
v 4 2
v 5 5
v 6 0
v 7 0
v 8 0
v 9 0
e 1 2 1 0.092
e 2 3 1 0.537
e 2 6 0 0.084
e 3 4 0 0.200
e 3 5 0 0.124
e 4 5 1 0.052
e 7 9 0 0.503
t # 310
v 0 0
v 1 0
v 2 0
v 3 0
v 4 0
v 5 2
v 6 0
v 7 0
v 8 0
v 9 0
e 0 2 1 0.411
e 1 2 0 0.184
e 1 3 0 0.247
e 2 4 0 0.259
e 3 5 0 0.218
e 3 6 0 0.496
e 4 8 0 0.291
e 5 7 0 0.255
e 6 8 0 0.015
e 6 9 0 0.711
t # 311
v 0 0
v 1 0
v 2 0
v 3 0
v 4 2
v 5 0
v 6 0
v 7 0
v 8 0
v 9 1
e 0 4 0 0.369
e 0 5 0 0.193
e 1 2 0 0.557
e 1 3 0 0.124
e 2 4 0 0.904
e 2 5 1 0.030
e 3 5 1 0.304
e 3 8 0 0.144
e 4 7 0 0.108
e 5 6 0 0.118
e 5 7 0 0.028
e 5 8 0 0.210
e 7 8 0 0.010
e 8 9 0 0.114
t # 312
v 0 1
v 1 0
v 2 1
v 3 2
v 4 2
v 5 0
v 6 0
v 7 0
v 8 2
v 9 1
e 0 5 0 0.380
e 1 2 0 0.076
e 1 3 0 0.031
e 1 4 0 0.424
e 3 4 1 0.099
e 4 7 0 0.076
e 6 8 0 0.108
t # 313
v 0 0
v 1 0
v 2 2
v 3 0
v 4 0
v 5 2
v 6 0
v 7 0
v 8 5
v 9 0
e 0 1 1 0.088
e 0 2 1 0.476
e 1 5 0 0.701
e 1 6 0 0.495
e 2 3 0 0.999
e 3 4 0 0.262
e 4 8 1 0.208
e 5 7 0 0.137
e 6 8 0 0.043
e 6 9 0 0.013
t # 314
v 0 1
v 1 0
v 2 0
v 3 0
v 4 0
v 5 0
v 6 0
v 7 0
v 8 0
v 9 0
e 1 2 0 0.504
e 1 3 0 0.118
e 2 4 1 0.225
e 2 5 0 0.155
e 2 6 1 0.005
e 3 9 0 0.113
e 5 7 1 0.225
e 5 8 0 0.369
e 6 7 0 0.155
t # 315
v 0 0
v 1 1
v 2 2
v 3 2
v 4 0
v 5 0
v 6 0
v 7 0
v 8 0
v 9 2
e 0 3 0 0.352
e 0 4 1 0.180
e 0 5 1 0.016
e 1 2 0 0.091
e 2 4 0 0.272
e 2 5 1 0.215
e 3 9 0 0.010
e 4 5 0 0.522
e 6 7 0 0.384
e 6 8 1 0.729
t # 316
v 0 1
v 1 1
v 2 0
v 3 1
v 4 0
v 5 0
v 6 0
v 7 0
v 8 0
v 9 1
e 0 4 0 0.124
e 1 2 0 0.371
e 1 3 0 0.103
e 2 3 0 0.099
e 2 4 0 0.999
e 4 5 0 0.201
t # 317
v 0 0
v 1 0
v 2 0
v 3 0
v 4 0
v 5 0
v 6 0
v 7 0
v 8 5
v 9 0
e 0 5 0 0.152
e 0 6 0 0.003
e 1 2 1 0.058
e 1 3 1 0.645
e 1 4 0 0.311
e 2 3 0 0.230
e 2 4 0 0.040
e 3 7 1 0.108
e 3 8 0 0.012
e 4 7 0 0.287
e 4 9 0 0.333
e 5 7 1 0.000
e 6 8 1 0.173
e 8 9 0 0.415
t # 318
v 0 1
v 1 0
v 2 0
v 3 1
v 4 1
v 5 0
v 6 0
v 7 0
v 8 1
v 9 2
e 0 2 1 0.486
e 0 3 1 0.239
e 1 4 1 0.014
e 1 5 1 0.137
e 1 6 0 0.019
e 2 3 0 0.082
e 2 4 0 0.060
e 3 4 0 0.343
e 6 9 0 0.279
t # 319
v 0 0
v 1 2
v 2 2
v 3 0
v 4 0
v 5 0
v 6 2
v 7 0
v 8 0
v 9 0
e 0 2 1 0.434
e 0 3 0 0.018
e 0 4 0 0.070
e 2 9 1 0.036
e 2 4 0 0.228
e 3 4 0 0.110
e 3 5 0 0.024
e 3 6 1 0.306
e 4 5 0 0.228
e 4 6 0 0.463
e 4 7 0 0.140
e 5 7 0 0.228
e 5 8 1 0.286
e 6 9 1 0.036
e 7 8 0 0.455
t # 320
v 0 0
v 1 0
v 2 0
v 3 0
v 4 0
v 5 0
v 6 0
v 7 0
v 8 0
v 9 0
e 0 8 1 0.832
e 0 9 0 0.148
e 1 2 1 0.402
e 1 3 0 0.092
e 1 4 0 0.168
e 1 5 0 0.290
e 2 6 0 0.080
e 2 7 0 0.258
e 2 8 0 0.203
e 4 7 0 0.568
t # 321
v 0 0
v 1 1
v 2 0
v 3 1
v 4 0
v 5 0
v 6 1
v 7 0
v 8 5
v 9 0
e 0 7 0 0.477
e 0 8 1 0.699
e 0 9 0 0.910
e 1 2 1 0.450
e 2 3 0 0.028
e 2 4 0 0.084
e 3 5 1 0.087
e 4 6 0 0.427
e 4 7 1 0.188
e 6 8 1 0.565
t # 322
v 0 1
v 1 0
v 2 0
v 3 0
v 4 0
v 5 0
v 6 0
v 7 0
v 8 0
v 9 1
e 0 2 0 0.554
e 0 3 0 0.114
e 1 3 1 0.441
e 1 4 2 0.088
e 1 5 0 0.008
e 2 4 0 0.224
e 2 3 1 0.087
e 5 6 0 0.156
e 5 7 0 0.220
e 6 7 0 0.099
t # 323
v 0 0
v 1 0
v 2 0
v 3 0
v 4 0
v 5 0
v 6 1
v 7 0
v 8 0
v 9 0
e 0 2 0 0.076
e 1 2 1 0.424
e 1 3 0 0.030
e 2 3 0 0.234
e 3 4 0 0.238
e 4 7 1 0.233
e 5 7 0 0.358
t # 324
v 0 0
v 1 2
v 2 0
v 3 0
v 4 1
v 5 2
v 6 0
v 7 0
v 8 0
v 9 5
e 0 2 0 0.257
e 0 3 0 0.171
e 1 3 0 0.003
e 1 2 1 0.191
e 2 5 0 0.210
e 4 6 0 0.273
e 7 8 0 0.336
e 7 9 1 0.029
t # 325
v 0 0
v 1 1
v 2 0
v 3 1
v 4 0
v 5 2
v 6 2
v 7 0
v 8 0
v 9 0
e 0 2 0 0.095
e 0 3 0 0.022
e 0 4 1 0.031
e 1 5 0 0.111
e 1 6 0 0.554
e 2 5 0 0.111
e 2 6 0 0.554
e 3 4 0 0.047
e 4 9 0 0.184
e 4 6 1 0.350
e 5 9 0 0.131
t # 326
v 0 1
v 1 0
v 2 0
v 3 0
v 4 5
v 5 0
v 6 0
v 7 0
v 8 0
v 9 1
e 0 2 0 0.698
e 1 7 0 0.793
e 2 3 0 0.267
e 2 4 0 0.160
e 3 5 1 0.013
e 3 6 1 0.139
t # 327
v 0 0
v 1 2
v 2 0
v 3 0
v 4 2
v 5 0
v 6 0
v 7 0
v 8 1
v 9 0
e 0 2 1 0.058
e 0 3 0 0.057
e 0 4 1 0.076
e 1 3 0 0.164
e 1 4 1 0.158
e 2 4 1 0.999
e 2 5 0 0.341
e 2 6 0 0.173
e 3 4 0 0.079
t # 328
v 0 0
v 1 0
v 2 0
v 3 0
v 4 1
v 5 0
v 6 1
v 7 1
v 8 0
v 9 0
e 0 5 0 0.369
e 0 6 0 0.075
e 0 7 0 0.039
e 1 2 0 0.547
e 1 3 0 0.351
e 1 4 0 0.212
e 2 3 1 0.166
e 2 4 0 0.103
e 2 6 0 0.066
e 3 5 0 0.195
e 5 6 1 0.569
e 8 9 0 0.059
t # 329
v 0 1
v 1 0
v 2 0
v 3 1
v 4 0
v 5 2
v 6 1
v 7 1
v 8 0
v 9 0
e 0 6 0 0.059
e 1 2 1 0.003
e 2 3 0 0.095
e 2 4 0 0.597
e 3 6 1 0.153
e 4 8 0 0.117
e 6 9 0 0.104
t # 330
v 0 0
v 1 0
v 2 0
v 3 0
v 4 0
v 5 0
v 6 0
v 7 0
v 8 0
v 9 2
v 10 2
v 11 0
v 12 2
v 13 1
v 14 1
e 0 1 0 0.179
e 0 5 1 0.007
e 0 9 0 0.263
e 1 2 0 0.020
e 1 12 0 0.312
e 2 3 1 0.209
e 3 4 0 0.118
e 4 5 1 0.064
e 5 10 0 0.386
e 6 7 1 0.180
e 6 14 1 0.406
e 6 12 1 0.058
e 7 8 0 0.260
e 8 13 0 0.045
e 8 9 0 0.228
e 9 11 0 0.736
e 10 11 0 0.278
t # 331
v 0 1
v 1 1
v 2 0
v 3 1
v 4 0
v 5 0
v 6 0
v 7 0
v 8 0
v 9 0
v 10 0
e 0 2 0 0.009
e 1 3 1 0.022
e 2 6 0 0.006
e 2 4 1 0.195
e 2 7 0 0.724
e 4 5 0 0.553
e 6 7 1 0.524
t # 332
v 0 1
v 1 0
v 2 2
v 3 1
v 4 0
v 5 0
v 6 0
v 7 0
v 8 0
v 9 0
e 0 2 1 0.443
e 1 5 0 0.017
e 1 6 0 0.296
e 1 7 1 0.043
e 2 3 0 0.050
t # 333
v 0 0
v 1 0
v 2 0
v 3 0
v 4 0
v 5 1
v 6 1
v 7 0
v 8 0
v 9 1
e 0 2 0 0.024
e 0 3 0 0.410
e 0 4 1 0.298
e 1 5 0 0.217
e 1 3 1 0.329
e 2 3 0 0.047
e 2 4 0 0.227
e 2 5 0 0.036
e 5 8 1 0.383
e 6 8 1 0.872
t # 334
v 0 0
v 1 0
v 2 1
v 3 1
v 4 0
v 5 0
v 6 0
v 7 0
v 8 0
v 9 0
e 1 2 0 0.033
e 1 3 0 0.056
e 2 3 1 0.004
e 5 6 0 0.838
e 5 7 0 0.266
t # 335
v 0 0
v 1 0
v 2 0
v 3 3
v 4 1
v 5 0
v 6 1
v 7 0
v 8 0
v 9 5
e 0 2 0 0.020
e 1 3 0 0.051
e 1 4 0 0.084
e 2 6 0 0.044
e 2 5 0 0.795
e 3 4 1 0.337
e 5 6 1 0.460
e 6 7 0 0.123
t # 336
v 0 2
v 1 0
v 2 0
v 3 0
v 4 0
v 5 0
v 6 2
v 7 0
v 8 1
v 9 0
v 10 0
e 0 3 1 0.132
e 0 4 0 0.218
e 0 5 0 0.227
e 1 2 0 0.090
e 3 8 0 0.070
e 4 7 0 0.132
e 5 6 0 0.123
e 5 7 0 0.385
e 6 8 0 0.617
e 7 8 0 0.219
t # 337
v 0 2
v 1 5
v 2 0
v 3 1
v 4 0
v 5 0
v 6 0
v 7 0
v 8 0
v 9 0
e 0 3 0 0.133
e 0 2 0 0.164
e 1 2 0 0.232
e 2 8 1 0.056
e 2 9 0 0.556
e 6 9 1 0.138
t # 338
v 0 2
v 1 0
v 2 0
v 3 0
v 4 0
v 5 0
v 6 2
v 7 1
v 8 0
v 9 1
e 0 3 1 0.394
e 1 2 0 0.502
e 3 4 0 0.382
e 3 5 1 0.008
e 3 6 0 0.013
e 4 8 0 0.573
e 4 9 0 0.719
e 5 6 0 0.052
e 5 7 0 0.292
t # 339
v 0 0
v 1 0
v 2 0
v 3 0
v 4 2
v 5 0
v 6 0
v 7 4
v 8 0
v 9 4
e 0 2 0 0.011
e 0 3 0 0.055
e 0 4 0 0.212
e 1 3 0 0.276
e 1 4 1 0.363
e 2 3 1 0.175
e 2 9 1 0.746
e 3 5 0 0.981
e 4 8 0 0.081
e 4 6 0 0.072
e 5 6 0 0.038
t # 340
v 0 0
v 1 2
v 2 2
v 3 0
v 4 0
v 5 0
v 6 0
v 7 2
v 8 0
v 9 0
e 0 2 0 0.406
e 0 3 0 0.400
e 0 4 1 0.008
e 2 5 0 0.205
e 2 6 0 0.515
e 2 7 1 0.177
e 3 4 0 0.058
e 3 8 1 0.053
e 4 5 0 0.810
e 5 9 1 0.053
e 6 8 0 0.205
e 7 8 0 0.067
t # 341
v 0 1
v 1 0
v 2 0
v 3 1
v 4 0
v 5 0
v 6 1
v 7 0
v 8 0
v 9 1
e 0 2 1 0.148
e 0 3 0 0.402
e 1 3 0 0.269
e 2 3 0 0.094
e 2 4 0 0.010
e 2 5 0 0.401
e 2 6 0 0.004
e 4 6 0 0.464
e 4 7 1 0.392
t # 342
v 0 1
v 1 0
v 2 0
v 3 2
v 4 0
v 5 0
v 6 0
v 7 0
v 8 0
v 9 0
e 0 2 1 0.210
e 1 3 1 0.556
e 1 4 0 0.303
e 2 5 0 0.220
e 2 3 1 0.145
e 3 5 0 0.091
e 5 8 0 0.702
t # 343
v 0 0
v 1 1
v 2 0
v 3 0
v 4 5
v 5 0
v 6 1
v 7 2
v 8 0
v 9 0
e 0 2 0 0.437
e 0 3 0 0.133
e 1 4 1 0.009
e 2 8 0 0.318
e 2 9 1 0.068
e 5 6 0 0.083
e 5 7 0 0.063
e 5 8 1 0.220
e 7 8 1 0.042
t # 344
v 0 0
v 1 1
v 2 0
v 3 2
v 4 1
v 5 0
v 6 0
v 7 0
v 8 0
v 9 2
e 0 2 0 0.033
e 0 3 0 0.020
e 0 4 0 0.050
e 1 2 0 0.035
e 1 5 1 0.143
e 2 3 0 0.027
e 3 4 1 0.150
e 4 5 0 0.335
e 6 9 0 0.140
t # 345
v 0 0
v 1 0
v 2 0
v 3 0
v 4 0
v 5 0
v 6 0
v 7 0
v 8 1
v 9 1
e 0 6 0 0.238
e 1 2 0 0.004
e 1 3 0 0.237
e 1 4 1 0.109
e 2 3 0 0.178
e 2 4 0 0.003
e 3 4 0 0.073
e 3 5 0 0.109
e 4 6 0 0.080
e 5 8 0 0.056
t # 346
v 0 0
v 1 0
v 2 0
v 3 0
v 4 0
v 5 0
v 6 0
v 7 0
v 8 1
v 9 2
e 0 2 0 0.999
e 0 3 0 0.982
e 1 9 0 0.058
e 2 4 0 0.504
e 2 5 0 0.065
e 2 6 1 0.273
e 5 7 0 0.504
e 5 8 0 0.241
e 5 9 1 0.047
e 6 7 0 0.065
t # 347
v 0 0
v 1 1
v 2 1
v 3 0
v 4 0
v 5 0
v 6 0
v 7 7
v 8 0
v 9 1
e 0 2 1 0.067
e 0 3 0 0.243
e 0 4 0 0.005
e 0 5 0 0.060
e 1 6 0 0.175
e 1 7 0 0.494
e 3 5 0 0.459
e 4 8 0 0.234
e 4 9 0 0.107
e 8 9 0 0.510
t # 348
v 0 0
v 1 0
v 2 0
v 3 0
v 4 0
v 5 0
v 6 0
v 7 0
v 8 0
v 9 1
e 0 2 0 0.299
e 0 3 0 0.396
e 1 4 0 0.157
e 1 5 0 0.250
e 1 6 0 0.020
e 2 3 0 0.398
e 2 4 1 0.234
e 6 9 0 0.467
t # 349
v 0 1
v 1 1
v 2 0
v 3 0
v 4 0
v 5 0
v 6 0
v 7 1
v 8 0
v 9 2
e 0 2 0 0.006
e 1 3 0 0.035
e 1 4 0 0.096
e 2 3 0 0.557
e 2 4 1 0.101
e 3 4 0 0.229
t # 350
v 0 1
v 1 1
v 2 1
v 3 1
v 4 0
v 5 0
v 6 0
v 7 0
v 8 0
v 9 5
e 0 8 1 0.073
e 1 2 0 0.052
e 4 6 0 0.384
e 4 7 0 0.376
e 6 7 1 0.454
e 6 8 1 0.215
e 6 9 0 0.043
t # 351
v 0 2
v 1 1
v 2 2
v 3 0
v 4 0
v 5 0
v 6 1
v 7 0
v 8 1
v 9 1
e 0 2 0 0.152
e 0 3 0 0.756
e 1 2 0 0.903
e 4 6 1 0.151
e 4 7 0 0.315
e 5 8 0 0.329
e 5 9 0 0.325
e 6 7 0 0.167
t # 352
v 0 0
v 1 0
v 2 2
v 3 0
v 4 0
v 5 0
v 6 0
v 7 2
v 8 0
v 9 0
v 10 0
v 11 0
e 0 5 0 0.214
e 0 6 0 0.026
e 1 2 0 0.510
e 1 3 0 0.426
e 1 4 1 0.402
e 2 5 0 0.068
e 2 6 1 0.473
e 3 4 0 0.071
e 4 6 0 0.904
e 5 7 1 0.042
t # 353
v 0 1
v 1 0
v 2 0
v 3 0
v 4 1
v 5 0
v 6 0
v 7 2
v 8 0
v 9 2
e 1 2 0 0.006
e 2 3 0 0.260
e 2 4 0 0.397
e 2 5 0 0.073
e 3 6 1 0.877
e 3 7 0 0.232
e 4 8 0 0.260
e 5 8 0 0.397
e 6 8 0 0.073
e 6 9 0 0.015
t # 354
v 0 0
v 1 0
v 2 2
v 3 0
v 4 0
v 5 2
v 6 0
v 7 0
v 8 0
v 9 0
e 0 2 1 0.008
e 0 3 0 0.160
e 0 4 0 0.471
e 1 6 1 0.018
e 1 7 1 0.999
e 2 8 0 0.235
e 2 9 1 0.328
e 3 5 0 0.427
t # 355
v 0 1
v 1 0
v 2 1
v 3 1
v 4 0
v 5 0
v 6 0
v 7 0
v 8 0
v 9 2
e 0 2 0 0.105
e 1 3 0 0.033
e 1 4 0 0.138
e 1 5 0 0.109
e 2 8 0 0.341
e 3 4 0 0.934
e 4 6 0 0.036
e 4 7 0 0.416
e 5 6 1 0.471
e 5 7 1 0.088
e 6 9 0 0.021
t # 356
v 0 0
v 1 0
v 2 1
v 3 0
v 4 2
v 5 1
v 6 1
v 7 0
v 8 0
v 9 2
e 0 2 0 0.192
e 0 3 0 0.254
e 1 9 0 0.099
e 1 6 1 0.042
e 2 3 0 0.184
e 3 4 0 0.061
e 3 5 0 0.331
e 5 7 0 0.017
t # 357
v 0 2
v 1 0
v 2 0
v 3 0
v 4 1
v 5 0
v 6 1
v 7 0
v 8 0
v 9 0
e 0 2 0 0.144
e 0 3 0 0.382
e 1 2 1 0.009
e 1 4 0 0.041
e 1 5 0 0.606
e 2 4 0 0.137
e 2 5 0 0.043
e 2 6 1 0.190
e 3 5 1 0.593
e 3 6 0 0.175
e 3 7 0 0.063
e 4 7 0 0.086
e 7 8 0 0.518
e 7 9 0 0.066
t # 358
v 0 0
v 1 1
v 2 0
v 3 0
v 4 0
v 5 0
v 6 1
v 7 0
v 8 1
v 9 0
e 0 2 1 0.817
e 0 3 0 0.100
e 0 4 0 0.634
e 2 9 0 0.211
e 3 5 0 0.112
e 3 6 1 0.643
e 5 7 0 0.075
e 5 8 0 0.253
e 6 9 0 0.211
t # 359
v 0 0
v 1 0
v 2 0
v 3 0
v 4 0
v 5 0
v 6 0
v 7 0
v 8 0
v 9 0
e 0 2 0 0.243
e 0 3 0 0.340
e 1 3 0 0.810
e 1 4 0 0.072
e 2 5 0 0.559
e 3 6 0 0.625
e 3 7 1 0.647
e 3 8 0 0.113
e 4 5 0 0.019
e 6 9 0 0.211
e 6 7 0 0.007
t # 360
v 0 11
v 1 2
v 2 0
v 3 0
v 4 0
v 5 0
v 6 0
v 7 1
v 8 0
v 9 5
e 1 2 0 0.348
e 1 3 0 0.454
e 1 4 0 0.046
e 2 3 0 0.008
e 2 6 0 0.470
e 3 4 0 0.113
e 4 8 1 0.211
e 4 9 1 0.117
t # 361
v 0 0
v 1 0
v 2 0
v 3 0
v 4 0
v 5 0
v 6 0
v 7 0
v 8 0
v 9 5
e 0 1 0 0.106
e 0 5 1 0.429
e 1 2 0 0.390
e 2 3 0 0.142
e 2 4 0 0.090
e 3 4 0 0.196
t # 362
v 0 1
v 1 2
v 2 0
v 3 0
v 4 2
v 5 2
v 6 0
v 7 0
v 8 0
v 9 0
v 10 0
e 0 6 0 0.158
e 1 2 0 0.088
e 1 3 0 0.458
e 2 4 1 0.999
e 2 5 1 0.574
e 3 7 1 0.179
e 4 5 1 0.077
e 6 7 1 0.107
t # 363
v 0 1
v 1 1
v 2 0
v 3 0
v 4 0
v 5 0
v 6 0
v 7 1
v 8 2
v 9 0
v 10 0
v 11 0
v 12 2
e 0 2 0 0.061
e 0 3 0 0.616
e 1 6 0 0.040
e 1 7 0 0.496
e 2 4 0 0.023
e 2 5 0 0.525
e 3 5 0 0.039
e 4 7 0 0.085
e 5 6 0 0.023
e 5 8 0 0.565
e 6 7 0 0.270
e 6 8 1 0.608
e 8 12 0 0.056
t # 364
v 0 0
v 1 0
v 2 0
v 3 1
v 4 0
v 5 2
v 6 0
v 7 0
v 8 0
v 9 0
e 0 7 1 0.011
e 1 2 1 0.370
e 2 3 0 0.294
e 2 4 0 0.092
e 2 5 0 0.387
e 3 8 0 0.249
e 4 6 0 0.294
e 4 7 0 0.093
e 5 6 0 0.092
e 6 8 0 0.999
e 6 9 0 0.258
t # 365
v 0 0
v 1 0
v 2 0
v 3 0
v 4 0
v 5 0
v 6 0
v 7 0
v 8 0
v 9 0
e 0 2 0 0.276
e 0 3 0 0.072
e 0 4 0 0.545
e 1 5 1 0.747
e 1 6 1 0.121
e 1 7 0 0.120
e 2 4 0 0.224
e 2 5 0 0.000
e 3 6 1 0.055
e 3 5 0 0.531
e 3 7 0 0.129
e 4 5 1 0.936
e 5 6 0 0.204
e 6 9 0 0.326
t # 366
v 0 0
v 1 0
v 2 2
v 3 0
v 4 0
v 5 4
v 6 0
v 7 0
v 8 1
v 9 0
e 0 3 0 0.470
e 0 4 0 0.088
e 1 2 0 0.062
e 2 5 0 0.017
e 2 4 0 0.097
e 3 6 1 0.029
e 3 7 0 0.135
e 4 5 0 0.513
e 5 7 0 0.062
e 6 8 0 0.038
t # 367
v 0 0
v 1 2
v 2 4
v 3 2
v 4 0
v 5 0
v 6 0
v 7 0
v 8 0
v 9 0
e 0 2 1 0.372
e 0 3 1 0.209
e 1 9 1 0.354
e 1 6 0 0.190
e 2 3 0 0.074
e 3 4 1 0.053
e 3 5 0 0.119
e 3 6 0 0.205
e 4 7 0 0.086
e 4 8 1 0.258
e 5 9 0 0.320
e 6 7 0 0.628
t # 368
v 0 0
v 1 0
v 2 1
v 3 1
v 4 0
v 5 2
v 6 0
v 7 0
v 8 0
v 9 1
e 0 2 0 0.193
e 0 3 0 0.781
e 0 4 1 0.196
e 1 5 1 0.159
e 2 7 0 0.010
e 3 6 0 0.046
e 5 7 0 0.007
e 5 8 0 0.085
e 6 7 0 0.010
e 8 9 0 0.343
t # 369
v 0 2
v 1 0
v 2 0
v 3 1
v 4 0
v 5 0
v 6 1
v 7 0
v 8 0
v 9 0
e 0 2 0 0.316
e 0 3 0 0.101
e 1 5 1 0.568
e 1 6 0 0.044
e 1 7 0 0.462
e 4 7 1 0.535
e 5 6 0 0.188
e 5 7 0 0.103
e 7 8 0 0.151
t # 370
v 0 2
v 1 2
v 2 2
v 3 1
v 4 2
v 5 0
v 6 0
v 7 0
v 8 0
v 9 2
e 0 2 0 0.340
e 0 3 1 0.047
e 1 4 0 0.286
e 1 5 0 0.312
e 2 7 0 0.015
e 3 4 0 0.356
e 5 7 1 0.128
e 5 8 0 0.243
e 6 7 1 0.012
e 8 9 0 0.987
t # 371
v 0 0
v 1 0
v 2 1
v 3 0
v 4 0
v 5 1
v 6 0
v 7 0
v 8 0
v 9 0
e 0 2 0 0.177
e 0 3 0 0.057
e 0 4 0 0.134
e 1 5 0 0.050
e 1 6 0 0.102
e 2 7 0 0.763
e 5 7 1 0.003
e 5 8 0 0.541
e 6 9 1 0.250
t # 372
v 0 0
v 1 0
v 2 0
v 3 0
v 4 0
v 5 0
v 6 0
v 7 0
v 8 0
v 9 3
e 0 2 0 0.155
e 0 3 0 0.278
e 0 4 1 0.023
e 1 5 0 0.204
e 1 6 1 0.260
e 1 7 0 0.169
e 2 7 0 0.133
e 2 4 0 0.085
e 3 4 0 0.033
e 4 6 0 0.157
e 4 7 0 0.048
e 4 8 0 0.735
e 5 8 1 0.021
e 5 9 0 0.183
e 7 8 0 0.133
t # 373
v 0 1
v 1 1
v 2 0
v 3 2
v 4 2
v 5 0
v 6 0
v 7 0
v 8 0
v 9 0
e 0 2 1 0.402
e 3 4 1 0.284
e 3 5 0 0.319
e 4 5 0 0.216
e 5 6 1 0.384
e 5 7 0 0.466
e 6 9 1 0.083
e 7 8 1 0.264
e 8 9 0 0.062
t # 374
v 0 0
v 1 0
v 2 0
v 3 0
v 4 1
v 5 0
v 6 5
v 7 0
v 8 0
v 9 1
e 1 2 0 0.481
e 1 3 0 0.277
e 2 5 0 0.036
e 2 6 1 0.346
e 3 4 0 0.759
e 3 5 1 0.401
e 4 7 0 0.158
e 5 7 0 0.002
e 5 8 0 0.084
e 7 9 1 0.999
t # 375
v 0 1
v 1 2
v 2 0
v 3 0
v 4 0
v 5 0
v 6 0
v 7 0
v 8 0
v 9 0
v 10 0
e 0 2 0 0.409
e 1 3 1 0.393
e 1 4 1 0.281
e 1 2 0 0.004
e 2 3 0 0.132
e 2 4 1 0.312
e 3 4 1 0.026
e 3 5 0 0.315
e 4 6 0 0.048
t # 376
v 0 3
v 1 0
v 2 0
v 3 0
v 4 0
v 5 0
v 6 0
v 7 0
v 8 0
v 9 0
v 10 2
e 0 4 1 0.008
e 1 2 0 0.343
e 1 3 0 0.087
e 1 4 1 0.215
e 2 4 0 0.059
e 2 5 1 0.009
e 3 10 1 0.115
e 3 5 0 0.249
e 4 5 0 0.012
e 5 6 0 0.413
t # 377
v 0 0
v 1 1
v 2 0
v 3 0
v 4 0
v 5 0
v 6 0
v 7 0
v 8 2
v 9 0
e 0 3 0 0.159
e 0 4 0 0.189
e 0 5 0 0.159
e 1 2 0 0.432
e 2 4 1 0.016
e 2 5 0 0.883
e 2 6 1 0.146
e 3 6 1 0.352
e 3 7 0 0.358
e 3 5 0 0.266
e 7 8 1 0.999
e 7 9 0 0.176
t # 378
v 0 1
v 1 0
v 2 0
v 3 0
v 4 1
v 5 0
v 6 2
v 7 0
v 8 0
v 9 0
v 10 0
v 11 1
e 0 6 1 0.111
e 1 2 0 0.045
e 1 3 0 0.016
e 2 7 1 0.538
e 2 3 0 0.065
e 2 8 1 0.728
e 3 5 0 0.314
e 4 6 1 0.418
t # 379
v 0 1
v 1 1
v 2 0
v 3 0
v 4 0
v 5 0
v 6 0
v 7 0
v 8 0
v 9 0
e 0 2 0 0.693
e 1 3 0 0.999
e 2 7 0 0.104
e 2 4 0 0.400
e 3 5 0 0.312
e 3 6 0 0.237
e 4 6 0 0.018
e 5 7 0 0.108
e 7 9 0 0.637
t # 380
v 0 0
v 1 0
v 2 0
v 3 2
v 4 0
v 5 0
v 6 0
v 7 0
v 8 2
v 9 0
e 0 6 1 0.047
e 0 7 0 0.143
e 0 8 1 0.348
e 1 2 1 0.465
e 1 3 0 0.319
e 2 4 1 0.004
e 2 5 0 0.233
e 7 9 1 0.037
t # 381
v 0 0
v 1 0
v 2 0
v 3 0
v 4 0
v 5 1
v 6 1
v 7 0
v 8 0
v 9 1
e 0 9 0 0.418
e 0 4 0 0.055
e 1 2 0 0.766
e 1 3 1 0.392
e 1 4 0 0.155
e 2 6 0 0.450
e 3 4 0 0.277
t # 382
v 0 0
v 1 0
v 2 0
v 3 0
v 4 0
v 5 2
v 6 0
v 7 0
v 8 0
v 9 2
e 0 2 0 0.092
e 0 3 0 0.114
e 0 4 1 0.024
e 1 6 1 0.098
e 1 5 0 0.177
e 2 5 0 0.423
e 3 4 0 0.154
e 3 5 0 0.038
e 5 6 0 0.194
e 6 7 1 0.001
e 6 8 0 0.999
e 7 9 0 0.354
t # 383
v 0 1
v 1 0
v 2 0
v 3 0
v 4 1
v 5 0
v 6 0
v 7 0
v 8 0
v 9 0
e 0 2 0 0.256
e 1 4 0 0.264
e 2 3 0 0.915
e 2 4 0 0.132
e 4 5 0 0.010
e 5 6 0 0.644
e 5 7 0 0.378
e 5 8 0 0.120
e 7 9 0 0.625
t # 384
v 0 5
v 1 5
v 2 0
v 3 1
v 4 1
v 5 1
v 6 1
v 7 0
v 8 2
v 9 0
e 0 2 0 0.618
e 0 3 0 0.331
e 0 4 1 0.999
e 0 5 1 0.020
e 1 6 1 0.943
e 1 5 1 0.165
e 1 3 1 0.146
e 1 8 1 0.240
e 2 6 1 0.911
e 2 7 0 0.221
e 6 7 0 0.112
t # 385
v 0 0
v 1 0
v 2 0
v 3 0
v 4 0
v 5 0
v 6 0
v 7 0
v 8 0
v 9 0
v 10 0
e 0 2 1 0.547
e 0 3 0 0.537
e 0 4 1 0.397
e 1 5 0 0.074
e 1 6 0 0.695
e 2 3 0 0.342
e 2 4 0 0.999
e 2 5 1 0.299
e 3 8 1 0.165
e 5 7 1 0.199
e 6 7 0 0.398
e 6 8 0 0.274
t # 386
v 0 0
v 1 0
v 2 0
v 3 0
v 4 0
v 5 0
v 6 0
v 7 0
v 8 1
v 9 0
e 0 2 0 0.013
e 0 3 0 0.106
e 0 4 0 0.029
e 0 5 0 0.370
e 1 6 0 0.090
e 1 7 1 0.301
e 1 8 1 0.008
e 2 9 0 0.156
e 7 9 0 0.156
t # 387
v 0 3
v 1 0
v 2 0
v 3 2
v 4 0
v 5 5
v 6 0
v 7 0
v 8 0
v 9 0
v 10 0
v 11 0
e 0 2 1 0.003
e 1 4 1 0.131
e 1 5 0 0.015
e 1 3 1 0.170
e 2 7 0 0.131
e 3 7 0 0.017
e 4 11 0 0.085
e 4 6 0 0.265
e 5 6 0 0.033
e 6 7 0 0.022
t # 388
v 0 0
v 1 0
v 2 0
v 3 2
v 4 1
v 5 0
v 6 1
v 7 7
v 8 2
v 9 0
v 10 0
e 0 2 0 0.488
e 0 3 1 0.264
e 1 3 0 0.074
e 1 4 0 0.197
e 1 5 0 0.410
e 2 7 0 0.098
e 2 8 0 0.227
e 3 5 1 0.009
e 3 6 0 0.125
e 3 7 1 0.136
e 4 7 0 0.009
e 6 7 0 0.064
e 6 8 0 0.704
t # 389
v 0 0
v 1 1
v 2 0
v 3 0
v 4 2
v 5 0
v 6 0
v 7 0
v 8 0
v 9 0
e 0 2 1 0.169
e 0 3 0 0.908
e 1 4 0 0.060
e 2 3 0 0.455
e 3 4 1 0.151
e 5 6 0 0.413
e 5 7 0 0.018
e 5 8 0 0.305
e 6 7 1 0.612
e 6 8 0 0.860
e 6 9 1 0.094
t # 390
v 0 0
v 1 1
v 2 0
v 3 1
v 4 0
v 5 0
v 6 0
v 7 0
v 8 0
v 9 0
e 0 2 1 0.649
e 0 3 0 0.618
e 0 4 1 0.999
e 1 9 0 0.702
e 2 3 0 0.125
e 2 4 0 0.507
e 3 5 0 0.299
e 3 4 0 0.391
e 4 8 0 0.999
t # 391
v 0 0
v 1 0
v 2 0
v 3 1
v 4 0
v 5 0
v 6 1
v 7 0
v 8 1
v 9 1
e 0 2 1 0.003
e 0 3 0 0.080
e 0 1 1 0.024
e 1 4 0 0.423
e 2 3 0 0.033
e 2 4 1 0.089
e 2 5 0 0.008
e 3 5 1 0.267
e 4 5 0 0.105
e 4 6 1 0.099
e 5 6 0 0.094
e 5 8 1 0.414
t # 392
v 0 0
v 1 0
v 2 1
v 3 0
v 4 0
v 5 0
v 6 0
v 7 0
v 8 1
v 9 1
e 0 4 0 0.713
e 0 5 0 0.428
e 1 2 0 0.107
e 1 3 0 0.023
e 2 3 1 0.238
e 2 6 0 0.102
e 5 7 0 0.240
e 5 6 0 0.033
e 6 7 1 0.176
e 6 8 0 0.010
e 6 9 0 0.257
e 7 8 0 0.213
t # 393
v 0 0
v 1 0
v 2 0
v 3 0
v 4 0
v 5 0
v 6 0
v 7 0
v 8 0
v 9 2
e 0 3 1 0.109
e 0 1 1 0.171
e 0 4 0 0.270
e 1 2 0 0.064
e 2 5 0 0.063
e 2 6 0 0.060
e 2 7 0 0.015
e 4 8 0 0.111
e 6 9 0 0.063
e 7 9 0 0.060
e 8 9 0 0.015
t # 394
v 0 0
v 1 0
v 2 3
v 3 5
v 4 0
v 5 1
v 6 0
v 7 1
v 8 0
v 9 0
e 0 2 0 0.036
e 0 3 1 0.005
e 1 3 0 0.377
e 2 6 1 0.240
e 4 7 1 0.118
t # 395
v 0 0
v 1 0
v 2 0
v 3 1
v 4 1
v 5 1
v 6 2
v 7 0
v 8 1
v 9 1
e 0 2 0 0.312
e 0 3 0 0.013
e 1 4 1 0.101
e 1 5 0 0.435
e 2 3 1 0.217
e 2 4 0 0.002
e 2 5 0 0.754
e 3 6 1 0.440
e 5 6 0 0.419
e 6 7 0 0.534
t # 396
v 0 0
v 1 0
v 2 0
v 3 0
v 4 2
v 5 0
v 6 0
v 7 0
v 8 0
v 9 1
e 0 2 0 0.099
e 0 3 1 0.039
e 0 4 0 0.251
e 1 6 0 0.017
e 1 7 0 0.048
e 2 4 0 0.304
e 2 5 1 0.463
e 2 6 0 0.043
e 3 7 0 0.021
e 3 5 0 0.016
e 3 8 0 0.144
e 5 7 1 0.196
e 5 8 0 0.174
e 6 7 0 0.142
e 7 8 0 0.043
e 7 9 0 0.327
t # 397
v 0 0
v 1 1
v 2 0
v 3 0
v 4 1
v 5 2
v 6 0
v 7 0
v 8 0
v 9 0
e 0 3 0 0.412
e 0 4 0 0.056
e 1 2 0 0.018
e 3 5 0 0.473
e 5 7 0 0.878
e 6 8 0 0.071
e 7 8 0 0.211
t # 398
v 0 0
v 1 0
v 2 0
v 3 2
v 4 0
v 5 0
v 6 0
v 7 0
v 8 0
v 9 0
e 0 5 1 0.046
e 0 6 1 0.163
e 0 7 0 0.633
e 1 2 0 0.310
e 1 3 0 0.212
e 1 4 0 0.026
e 2 8 0 0.199
e 3 4 1 0.234
e 3 5 0 0.040
e 4 8 0 0.246
e 5 7 0 0.099
e 5 8 0 0.021
