t # 0
v 0 1
v 1 4
v 2 2
v 3 3
v 4 0
v 5 1
v 6 5
v 7 6
v 8 7
v 9 6
v 10 7
v 11 4
v 12 2
v 13 7
v 14 6
v 15 8
v 16 8
v 17 4
v 18 9
v 19 9
v 20 9
v 21 9
e 0 1 0 0.394
e 1 2 0 0.346
e 2 3 0 0.434
e 3 4 0 0.346
e 4 5 0 0.402
e 5 6 0 0.437
e 6 7 0 0.402
e 7 8 0 0.374
e 8 9 0 0.423
e 9 10 0 0.410
e 10 11 0 0.506
e 11 12 0 0.419
e 12 13 0 0.451
e 13 14 0 0.439
e 14 15 0 0.394
e 15 16 0 0.383
e 16 17 0 0.366
e 17 18 0 0.465
e 18 19 0 0.353
e 19 20 0 0.266
e 20 21 0 0.361
t # 1
v 0 1
v 1 5
v 2 4
v 3 5
v 4 1
v 5 3
v 6 2
v 7 5
v 8 7
v 9 2
v 10 3
v 11 6
v 12 2
v 13 5
v 14 5
v 15 6
v 16 1
v 17 3
v 18 6
v 19 7
v 20 5
v 21 6
v 22 5
v 23 5
v 24 5
v 25 7
v 26 6
v 27 3
v 28 0
e 0 1 0 0.374
e 1 2 0 0.299
e 2 3 0 0.403
e 3 4 0 0.355
e 4 5 0 0.399
e 5 6 0 0.391
e 6 7 0 0.366
e 7 8 0 0.396
e 8 9 0 0.443
e 9 10 0 0.419
e 10 11 0 0.363
e 11 12 0 0.470
e 12 13 0 0.440
e 13 14 0 0.383
e 14 15 0 0.434
e 15 16 0 0.461
e 16 17 0 0.402
e 17 18 0 0.386
e 18 19 0 0.458
e 19 20 0 0.334
e 20 21 0 0.393
e 21 22 0 0.376
e 22 23 0 0.404
e 23 24 0 0.484
e 24 25 0 0.399
e 25 26 0 0.380
e 26 27 0 0.384
e 27 28 0 0.370
t # 2
v 0 0
v 1 3
v 2 1
v 3 1
v 4 0
v 5 3
v 6 5
v 7 6
v 8 6
v 9 6
v 10 1
v 11 1
v 12 1
v 13 3
v 14 0
v 15 0
v 16 3
v 17 2
v 18 5
v 19 2
v 20 2
v 21 1
v 22 1
v 23 4
v 24 9
v 25 2
v 26 1
v 27 3
v 28 1
v 29 0
v 30 0
v 31 0
v 32 3
v 33 3
v 34 1
v 35 3
v 36 2
v 37 0
v 38 3
v 39 2
v 40 3
v 41 3
v 42 3
v 43 2
v 44 5
v 45 6
v 46 4
v 47 6
v 48 5
v 49 2
v 50 0
v 51 4
v 52 4
v 53 2
v 54 2
v 55 4
v 56 4
v 57 1
v 58 0
e 0 1 0 0.320
e 1 2 0 0.351
e 2 3 0 0.440
e 3 4 0 0.455
e 4 5 0 0.334
e 5 6 0 0.351
e 6 7 0 0.478
e 7 8 0 0.408
e 8 9 0 0.392
e 9 10 0 0.471
e 10 11 0 0.300
e 11 12 0 0.428
e 12 13 0 0.399
e 13 14 0 0.426
e 14 15 0 0.340
e 15 16 0 0.456
e 16 17 0 0.428
e 17 18 0 0.328
e 18 19 0 0.394
e 19 20 0 0.447
e 20 21 0 0.389
e 21 22 0 0.379
e 22 23 0 0.348
e 23 24 0 0.393
e 24 25 0 0.345
e 25 26 0 0.437
e 26 27 0 0.396
e 27 28 0 0.405
e 28 29 0 0.397
e 29 30 0 0.401
e 30 31 0 0.457
e 31 32 0 0.392
e 32 33 0 0.466
e 33 34 0 0.455
e 34 35 0 0.423
e 35 36 0 0.407
e 36 37 0 0.403
e 37 38 0 0.406
e 38 39 0 0.307
e 39 40 0 0.450
e 40 41 0 0.389
e 41 42 0 0.447
e 42 43 0 0.450
e 43 44 0 0.363
e 44 45 0 0.402
e 45 46 0 0.500
e 46 47 0 0.394
e 47 48 0 0.439
e 48 49 0 0.257
e 49 50 0 0.467
e 50 51 0 0.387
e 51 52 0 0.375
e 52 53 0 0.379
e 53 54 0 0.371
e 54 55 0 0.480
e 55 56 0 0.446
e 56 57 0 0.425
e 57 58 0 0.338
t # 3
v 0 1
v 1 5
v 2 6
v 3 7
v 4 7
v 5 4
v 6 6
v 7 5
v 8 3
v 9 6
v 10 5
v 11 6
v 12 5
v 13 4
v 14 1
v 15 4
v 16 2
v 17 2
v 18 1
v 19 0
e 0 1 0 0.428
e 1 2 0 0.428
e 2 3 0 0.393
e 3 4 0 0.354
e 4 5 0 0.351
e 5 6 0 0.365
e 6 7 0 0.446
e 7 8 0 0.381
e 8 9 0 0.460
e 9 10 0 0.382
e 10 11 0 0.383
e 11 12 0 0.378
e 12 13 0 0.386
e 13 14 0 0.460
e 14 15 0 0.427
e 15 16 0 0.435
e 16 17 0 0.466
e 17 18 0 0.317
e 18 19 0 0.445
t # 4
v 0 1
v 1 0
v 2 1
v 3 0
v 4 5
v 5 7
v 6 7
v 7 0
v 8 5
v 9 8
v 10 6
v 11 3
v 12 0
v 13 4
v 14 3
v 15 6
v 16 3
v 17 2
v 18 1
v 19 6
v 20 1
v 21 3
v 22 8
v 23 6
v 24 6
e 0 1 0 0.404
e 1 2 0 0.349
e 2 3 0 0.483
e 3 4 0 0.436
e 4 5 0 0.408
e 5 6 0 0.393
e 6 7 0 0.307
e 7 8 0 0.429
e 8 9 0 0.524
e 9 10 0 0.440
e 10 11 0 0.302
e 11 12 0 0.348
e 12 13 0 0.293
e 13 14 0 0.349
e 14 15 0 0.392
e 15 16 0 0.387
e 16 17 0 0.459
e 17 18 0 0.445
e 18 19 0 0.502
e 19 20 0 0.375
e 20 21 0 0.346
e 21 22 0 0.416
e 22 23 0 0.416
e 23 24 0 0.294
t # 5
v 0 2
v 1 4
v 2 4
v 3 3
v 4 4
v 5 4
v 6 5
v 7 4
v 8 3
v 9 0
v 10 0
e 0 1 0 0.392
e 1 2 0 0.460
e 2 3 0 0.479
e 3 4 0 0.380
e 4 5 0 0.453
e 5 6 0 0.441
e 6 7 0 0.412
e 7 8 0 0.420
e 8 9 0 0.400
e 9 10 0 0.389
t # 6
v 0 1
v 1 4
v 2 0
v 3 6
v 4 8
v 5 8
v 6 5
v 7 0
v 8 7
v 9 6
v 10 8
v 11 9
v 12 8
v 13 0
v 14 3
v 15 2
v 16 5
v 17 5
v 18 2
v 19 1
v 20 0
e 0 1 0 0.327
e 1 2 0 0.411
e 2 3 0 0.472
e 3 4 0 0.444
e 4 5 0 0.359
e 5 6 0 0.329
e 6 7 0 0.368
e 7 8 0 0.384
e 8 9 0 0.375
e 9 10 0 0.358
e 10 11 0 0.512
e 11 12 0 0.275
e 12 13 0 0.413
e 13 14 0 0.387
e 14 15 0 0.310
e 15 16 0 0.442
e 16 17 0 0.399
e 17 18 0 0.375
e 18 19 0 0.413
e 19 20 0 0.484
t # 7
v 0 1
v 1 5
v 2 2
v 3 0
v 4 4
v 5 0
v 6 3
v 7 5
v 8 2
v 9 0
v 10 0
v 11 6
v 12 7
v 13 7
v 14 9
v 15 7
v 16 7
v 17 7
v 18 8
v 19 9
v 20 9
v 21 9
v 22 9
v 23 9
v 24 9
v 25 7
v 26 9
v 27 9
v 28 9
v 29 9
v 30 9
v 31 9
e 0 1 0 0.391
e 1 2 0 0.389
e 2 3 0 0.353
e 3 4 0 0.414
e 4 5 0 0.375
e 5 6 0 0.321
e 6 7 0 0.412
e 7 8 0 0.419
e 8 9 0 0.499
e 9 10 0 0.371
e 10 9 0 0.412
e 9 11 0 0.328
e 11 12 0 0.387
e 12 13 0 0.337
e 13 14 0 0.445
e 14 15 0 0.425
e 15 16 0 0.362
e 16 17 0 0.441
e 17 18 0 0.438
e 18 19 0 0.441
e 19 20 0 0.394
e 20 21 0 0.402
e 21 22 0 0.432
e 22 23 0 0.341
e 23 24 0 0.335
e 24 25 0 0.368
e 25 26 0 0.384
e 26 27 0 0.385
e 27 28 0 0.420
e 28 29 0 0.407
e 29 30 0 0.393
e 30 31 0 0.402
t # 8
v 0 0
v 1 4
v 2 5
v 3 7
v 4 6
v 5 8
v 6 6
v 7 7
v 8 3
v 9 4
v 10 5
v 11 7
v 12 3
v 13 6
v 14 8
v 15 9
v 16 8
v 17 6
v 18 8
v 19 9
v 20 8
v 21 6
v 22 8
v 23 8
v 24 7
v 25 0
v 26 4
v 27 4
v 28 2
v 29 0
e 0 1 0 0.395
e 1 2 0 0.403
e 2 3 0 0.363
e 3 4 0 0.402
e 4 5 0 0.364
e 5 6 0 0.427
e 6 7 0 0.386
e 7 8 0 0.359
e 8 9 0 0.440
e 9 10 0 0.310
e 10 11 0 0.440
e 11 12 0 0.452
e 12 13 0 0.391
e 13 14 0 0.429
e 14 15 0 0.321
e 15 16 0 0.386
e 16 17 0 0.316
e 17 18 0 0.369
e 18 19 0 0.407
e 19 20 0 0.325
e 20 21 0 0.421
e 21 22 0 0.436
e 22 23 0 0.362
e 23 24 0 0.288
e 24 25 0 0.348
e 25 26 0 0.427
e 26 27 0 0.318
e 27 28 0 0.457
e 28 29 0 0.463
t # 9
v 0 0
v 1 1
v 2 3
v 3 3
v 4 3
v 5 1
v 6 2
v 7 6
v 8 3
v 9 2
v 10 4
v 11 4
v 12 6
v 13 3
v 14 1
v 15 1
v 16 0
e 0 1 0 0.402
e 1 2 0 0.456
e 2 3 0 0.327
e 3 4 0 0.324
e 4 5 0 0.405
e 5 6 0 0.413
e 6 7 0 0.374
e 7 8 0 0.364
e 8 9 0 0.330
e 9 10 0 0.391
e 10 11 0 0.322
e 11 12 0 0.404
e 12 13 0 0.379
e 13 14 0 0.422
e 14 15 0 0.300
e 15 16 0 0.421
t # 10
v 0 0
v 1 2
v 2 4
v 3 5
v 4 3
v 5 5
v 6 8
v 7 9
v 8 9
v 9 9
v 10 9
v 11 9
v 12 9
v 13 9
e 0 1 0 0.396
e 1 2 0 0.430
e 2 3 0 0.410
e 3 4 0 0.415
e 4 5 0 0.464
e 5 6 0 0.365
e 6 7 0 0.386
e 7 8 0 0.460
e 8 9 0 0.453
e 9 10 0 0.373
e 10 11 0 0.345
e 11 12 0 0.381
e 12 13 0 0.376
t # 11
v 0 3
v 1 3
v 2 0
v 3 6
v 4 7
v 5 7
v 6 7
v 7 7
v 8 0
v 9 0
v 10 5
v 11 7
v 12 2
v 13 3
v 14 1
v 15 7
v 16 7
v 17 1
v 18 0
e 0 1 0 0.381
e 1 2 0 0.403
e 2 3 0 0.394
e 3 4 0 0.404
e 4 5 0 0.394
e 5 6 0 0.438
e 6 7 0 0.418
e 7 8 0 0.458
e 8 9 0 0.338
e 9 10 0 0.404
e 10 11 0 0.453
e 11 12 0 0.524
e 12 13 0 0.429
e 13 14 0 0.499
e 14 15 0 0.439
e 15 16 0 0.492
e 16 17 0 0.406
e 17 18 0 0.254
t # 12
v 0 9
v 1 8
v 2 8
v 3 7
v 4 4
v 5 4
v 6 2
v 7 5
v 8 2
v 9 1
v 10 3
v 11 8
v 12 4
v 13 4
v 14 2
v 15 3
v 16 3
v 17 2
v 18 1
v 19 2
v 20 1
v 21 0
v 22 3
v 23 3
v 24 2
v 25 3
v 26 2
v 27 4
v 28 3
v 29 4
v 30 8
v 31 5
v 32 7
v 33 3
v 34 2
v 35 6
v 36 2
v 37 8
v 38 9
v 39 9
v 40 8
v 41 8
v 42 9
v 43 9
v 44 9
v 45 9
e 0 1 0 0.401
e 1 2 0 0.375
e 2 3 0 0.507
e 3 4 0 0.450
e 4 5 0 0.396
e 5 6 0 0.478
e 6 7 0 0.394
e 7 8 0 0.496
e 8 9 0 0.349
e 9 10 0 0.448
e 10 11 0 0.412
e 11 12 0 0.311
e 12 13 0 0.426
e 13 14 0 0.329
e 14 15 0 0.416
e 15 16 0 0.389
e 16 17 0 0.427
e 17 18 0 0.409
e 18 19 0 0.419
e 19 20 0 0.365
e 20 21 0 0.461
e 21 20 0 0.363
e 20 22 0 0.440
e 22 23 0 0.308
e 23 24 0 0.470
e 24 25 0 0.398
e 25 26 0 0.389
e 26 27 0 0.390
e 27 28 0 0.340
e 28 29 0 0.305
e 29 30 0 0.375
e 30 31 0 0.409
e 31 32 0 0.311
e 32 33 0 0.409
e 33 34 0 0.464
e 34 35 0 0.418
e 35 36 0 0.406
e 36 37 0 0.433
e 37 38 0 0.392
e 38 39 0 0.410
e 39 40 0 0.382
e 40 41 0 0.409
e 41 42 0 0.488
e 42 43 0 0.358
e 43 44 0 0.429
e 44 45 0 0.433
t # 13
v 0 0
v 1 5
v 2 6
v 3 7
v 4 7
v 5 8
v 6 8
v 7 8
v 8 8
v 9 8
v 10 3
v 11 2
v 12 5
v 13 1
v 14 1
v 15 3
v 16 5
v 17 7
v 18 5
v 19 2
v 20 1
v 21 3
v 22 0
v 23 2
v 24 2
v 25 3
v 26 1
v 27 2
v 28 1
v 29 0
v 30 0
v 31 0
e 0 1 0 0.398
e 1 2 0 0.448
e 2 3 0 0.475
e 3 4 0 0.351
e 4 5 0 0.398
e 5 6 0 0.359
e 6 7 0 0.346
e 7 8 0 0.471
e 8 9 0 0.396
e 9 10 0 0.215
e 10 11 0 0.392
e 11 12 0 0.362
e 12 13 0 0.417
e 13 14 0 0.334
e 14 15 0 0.310
e 15 16 0 0.459
e 16 17 0 0.346
e 17 18 0 0.415
e 18 19 0 0.378
e 19 20 0 0.457
e 20 21 0 0.509
e 21 22 0 0.385
e 22 23 0 0.372
e 23 24 0 0.458
e 24 25 0 0.355
e 25 26 0 0.379
e 26 27 0 0.338
e 27 28 0 0.456
e 28 29 0 0.437
e 29 30 0 0.409
e 30 31 0 0.314
t # 14
v 0 4
v 1 7
v 2 0
v 3 6
v 4 6
v 5 7
v 6 7
v 7 5
v 8 7
v 9 8
v 10 7
v 11 2
v 12 7
v 13 9
v 14 8
v 15 8
v 16 9
v 17 8
v 18 8
v 19 8
v 20 8
v 21 8
v 22 8
v 23 7
v 24 7
v 25 8
v 26 9
v 27 8
v 28 9
v 29 6
v 30 7
v 31 7
v 32 3
v 33 6
v 34 6
v 35 3
v 36 4
v 37 4
v 38 3
v 39 2
v 40 1
v 41 0
v 42 2
v 43 6
v 44 5
v 45 6
e 0 1 0 0.406
e 1 2 0 0.421
e 2 3 0 0.453
e 3 4 0 0.340
e 4 5 0 0.393
e 5 6 0 0.454
e 6 7 0 0.431
e 7 8 0 0.350
e 8 9 0 0.341
e 9 10 0 0.353
e 10 11 0 0.438
e 11 12 0 0.367
e 12 13 0 0.390
e 13 14 0 0.304
e 14 15 0 0.482
e 15 16 0 0.353
e 16 17 0 0.332
e 17 18 0 0.351
e 18 19 0 0.518
e 19 20 0 0.451
e 20 21 0 0.414
e 21 22 0 0.405
e 22 23 0 0.330
e 23 24 0 0.439
e 24 25 0 0.425
e 25 26 0 0.461
e 26 27 0 0.469
e 27 28 0 0.301
e 28 29 0 0.420
e 29 30 0 0.315
e 30 31 0 0.378
e 31 32 0 0.422
e 32 33 0 0.299
e 33 34 0 0.327
e 34 35 0 0.428
e 35 36 0 0.423
e 36 37 0 0.379
e 37 38 0 0.475
e 38 39 0 0.454
e 39 40 0 0.375
e 40 41 0 0.497
e 41 42 0 0.376
e 42 39 0 0.409
e 39 38 0 0.359
e 38 43 0 0.372
e 43 44 0 0.410
e 44 45 0 0.444
e 45 33 0 0.432
t # 15
v 0 1
v 1 3
v 2 6
v 3 1
v 4 5
v 5 7
v 6 6
v 7 5
v 8 5
v 9 3
v 10 5
v 11 7
v 12 7
v 13 5
v 14 2
v 15 4
v 16 7
v 17 6
v 18 0
v 19 1
v 20 7
v 21 7
v 22 4
v 23 0
e 0 1 0 0.489
e 1 2 0 0.331
e 2 3 0 0.385
e 3 4 0 0.354
e 4 5 0 0.359
e 5 6 0 0.428
e 6 7 0 0.399
e 7 8 0 0.433
e 8 9 0 0.367
e 9 10 0 0.404
e 10 11 0 0.426
e 11 12 0 0.400
e 12 13 0 0.345
e 13 14 0 0.348
e 14 15 0 0.401
e 15 16 0 0.347
e 16 17 0 0.479
e 17 18 0 0.448
e 18 19 0 0.421
e 19 20 0 0.386
e 20 21 0 0.360
e 21 22 0 0.430
e 22 23 0 0.482
t # 16
v 0 0
v 1 2
v 2 6
v 3 1
v 4 2
v 5 5
v 6 3
v 7 1
v 8 4
v 9 2
v 10 5
v 11 5
v 12 0
v 13 1
v 14 8
v 15 7
v 16 7
v 17 5
v 18 2
v 19 5
v 20 1
v 21 0
v 22 5
v 23 2
v 24 3
v 25 0
v 26 3
v 27 4
v 28 2
v 29 4
v 30 2
v 31 0
v 32 3
v 33 0
v 34 2
v 35 3
v 36 2
v 37 3
v 38 5
v 39 5
v 40 5
v 41 8
v 42 6
v 43 1
v 44 6
v 45 6
v 46 6
v 47 7
v 48 2
v 49 4
v 50 5
v 51 6
v 52 7
v 53 3
v 54 6
v 55 7
v 56 2
v 57 7
v 58 6
v 59 5
v 60 7
v 61 2
v 62 5
v 63 5
v 64 2
v 65 0
v 66 3
v 67 7
v 68 2
v 69 1
v 70 2
v 71 1
v 72 0
v 73 0
v 74 2
v 75 3
v 76 2
v 77 2
e 0 1 0 0.385
e 1 2 0 0.384
e 2 3 0 0.437
e 3 4 0 0.417
e 4 5 0 0.464
e 5 6 0 0.349
e 6 7 0 0.366
e 7 8 0 0.445
e 8 9 0 0.366
e 9 10 0 0.425
e 10 11 0 0.382
e 11 12 0 0.474
e 12 13 0 0.393
e 13 14 0 0.413
e 14 15 0 0.369
e 15 16 0 0.432
e 16 17 0 0.433
e 17 18 0 0.391
e 18 19 0 0.323
e 19 20 0 0.463
e 20 21 0 0.429
e 21 22 0 0.370
e 22 23 0 0.341
e 23 24 0 0.477
e 24 25 0 0.431
e 25 26 0 0.387
e 26 13 0 0.457
e 13 27 0 0.382
e 27 28 0 0.446
e 28 29 0 0.305
e 29 30 0 0.417
e 30 31 0 0.419
e 31 32 0 0.303
e 32 33 0 0.358
e 33 34 0 0.409
e 34 35 0 0.415
e 35 36 0 0.427
e 36 37 0 0.467
e 37 38 0 0.362
e 38 39 0 0.381
e 39 40 0 0.387
e 40 41 0 0.481
e 41 42 0 0.438
e 42 43 0 0.346
e 43 44 0 0.380
e 44 45 0 0.374
e 45 46 0 0.371
e 46 47 0 0.406
e 47 48 0 0.425
e 48 49 0 0.327
e 49 50 0 0.386
e 50 51 0 0.325
e 51 52 0 0.401
e 52 53 0 0.438
e 53 54 0 0.416
e 54 55 0 0.451
e 55 56 0 0.475
e 56 57 0 0.464
e 57 58 0 0.349
e 58 59 0 0.408
e 59 60 0 0.407
e 60 61 0 0.344
e 61 62 0 0.385
e 62 63 0 0.442
e 63 64 0 0.426
e 64 65 0 0.387
e 65 66 0 0.492
e 66 67 0 0.376
e 67 62 0 0.281
e 62 68 0 0.361
e 68 69 0 0.476
e 69 70 0 0.258
e 70 71 0 0.360
e 71 72 0 0.484
e 72 73 0 0.368
e 73 74 0 0.321
e 74 75 0 0.442
e 75 76 0 0.470
e 76 77 0 0.299
t # 17
v 0 0
v 1 3
v 2 2
v 3 7
v 4 7
v 5 8
v 6 8
v 7 5
v 8 5
v 9 4
v 10 7
v 11 7
v 12 4
v 13 2
v 14 6
v 15 5
v 16 3
v 17 5
v 18 0
e 0 1 0 0.396
e 1 2 0 0.384
e 2 3 0 0.350
e 3 4 0 0.344
e 4 5 0 0.372
e 5 6 0 0.330
e 6 7 0 0.410
e 7 8 0 0.522
e 8 9 0 0.416
e 9 10 0 0.379
e 10 11 0 0.418
e 11 12 0 0.531
e 12 13 0 0.443
e 13 14 0 0.445
e 14 15 0 0.423
e 15 16 0 0.460
e 16 17 0 0.359
e 17 18 0 0.461
t # 18
v 0 1
v 1 1
v 2 4
v 3 0
v 4 0
v 5 3
v 6 4
v 7 5
v 8 2
v 9 1
v 10 8
v 11 4
v 12 7
v 13 6
v 14 5
v 15 8
v 16 6
v 17 1
e 0 1 0 0.294
e 1 2 0 0.475
e 2 3 0 0.475
e 3 4 0 0.395
e 4 5 0 0.384
e 5 6 0 0.386
e 6 7 0 0.339
e 7 8 0 0.360
e 8 9 0 0.468
e 9 10 0 0.392
e 10 11 0 0.359
e 11 12 0 0.434
e 12 13 0 0.307
e 13 14 0 0.365
e 14 15 0 0.403
e 15 16 0 0.406
e 16 17 0 0.351
t # 19
v 0 0
v 1 0
v 2 1
v 3 1
v 4 1
v 5 2
v 6 2
v 7 3
v 8 5
v 9 3
v 10 1
v 11 2
v 12 1
v 13 4
v 14 5
v 15 5
v 16 1
v 17 1
v 18 0
v 19 5
v 20 1
v 21 0
v 22 5
v 23 7
v 24 6
v 25 3
v 26 5
v 27 6
v 28 8
v 29 7
v 30 0
v 31 2
v 32 0
v 33 1
v 34 6
v 35 7
v 36 6
v 37 8
v 38 3
v 39 1
v 40 6
v 41 8
v 42 8
v 43 8
v 44 5
v 45 6
v 46 5
v 47 5
v 48 8
v 49 6
v 50 4
v 51 4
v 52 8
v 53 6
v 54 5
v 55 7
v 56 7
e 0 1 0 0.459
e 1 2 0 0.408
e 2 3 0 0.375
e 3 4 0 0.361
e 4 5 0 0.368
e 5 6 0 0.407
e 6 7 0 0.398
e 7 8 0 0.403
e 8 9 0 0.332
e 9 10 0 0.384
e 10 11 0 0.438
e 11 12 0 0.457
e 12 13 0 0.354
e 13 14 0 0.425
e 14 15 0 0.426
e 15 16 0 0.350
e 16 17 0 0.258
e 17 18 0 0.475
e 18 19 0 0.394
e 19 20 0 0.356
e 20 21 0 0.441
e 21 22 0 0.416
e 22 23 0 0.407
e 23 24 0 0.352
e 24 25 0 0.406
e 25 26 0 0.450
e 26 27 0 0.437
e 27 28 0 0.399
e 28 29 0 0.480
e 29 30 0 0.415
e 30 31 0 0.379
e 31 32 0 0.344
e 32 33 0 0.385
e 33 34 0 0.423
e 34 35 0 0.425
e 35 36 0 0.441
e 36 37 0 0.355
e 37 38 0 0.403
e 38 39 0 0.365
e 39 40 0 0.451
e 40 41 0 0.436
e 41 42 0 0.463
e 42 43 0 0.392
e 43 44 0 0.340
e 44 45 0 0.384
e 45 46 0 0.342
e 46 47 0 0.341
e 47 48 0 0.332
e 48 49 0 0.455
e 49 50 0 0.330
e 50 51 0 0.316
e 51 52 0 0.397
e 52 53 0 0.358
e 53 54 0 0.360
e 54 55 0 0.458
e 55 56 0 0.408
t # 20
v 0 0
v 1 1
v 2 1
v 3 2
v 4 2
v 5 2
v 6 1
v 7 8
v 8 5
v 9 6
v 10 4
v 11 6
v 12 3
v 13 6
v 14 1
v 15 1
v 16 2
v 17 4
v 18 4
v 19 7
v 20 2
v 21 3
v 22 0
v 23 0
v 24 7
v 25 6
v 26 7
v 27 8
v 28 8
v 29 8
v 30 9
v 31 9
v 32 9
v 33 9
v 34 8
v 35 9
v 36 9
e 0 1 0 0.445
e 1 2 0 0.406
e 2 3 0 0.469
e 3 4 0 0.365
e 4 5 0 0.433
e 5 6 0 0.463
e 6 7 0 0.391
e 7 8 0 0.419
e 8 9 0 0.429
e 9 10 0 0.366
e 10 11 0 0.395
e 11 12 0 0.383
e 12 13 0 0.420
e 13 14 0 0.337
e 14 15 0 0.475
e 15 16 0 0.413
e 16 17 0 0.432
e 17 18 0 0.418
e 18 19 0 0.400
e 19 20 0 0.410
e 20 21 0 0.442
e 21 22 0 0.454
e 22 23 0 0.373
e 23 24 0 0.359
e 24 25 0 0.390
e 25 26 0 0.440
e 26 27 0 0.405
e 27 28 0 0.445
e 28 29 0 0.356
e 29 30 0 0.361
e 30 31 0 0.371
e 31 32 0 0.300
e 32 33 0 0.451
e 33 34 0 0.427
e 34 35 0 0.482
e 35 36 0 0.414
t # 21
v 0 7
v 1 7
v 2 2
v 3 6
v 4 7
v 5 7
v 6 0
v 7 5
v 8 7
v 9 5
v 10 4
v 11 4
v 12 2
v 13 6
v 14 5
v 15 7
v 16 5
v 17 0
v 18 5
v 19 0
v 20 4
v 21 0
v 22 5
v 23 7
v 24 7
v 25 4
v 26 2
v 27 0
v 28 2
v 29 3
v 30 2
v 31 0
v 32 1
v 33 2
v 34 1
v 35 0
e 0 1 0 0.374
e 1 2 0 0.473
e 2 3 0 0.451
e 3 4 0 0.463
e 4 5 0 0.352
e 5 6 0 0.346
e 6 7 0 0.397
e 7 8 0 0.418
e 8 9 0 0.422
e 9 10 0 0.465
e 10 11 0 0.327
e 11 12 0 0.322
e 12 13 0 0.490
e 13 14 0 0.427
e 14 15 0 0.318
e 15 16 0 0.423
e 16 17 0 0.420
e 17 18 0 0.378
e 18 19 0 0.427
e 19 20 0 0.344
e 20 21 0 0.391
e 21 22 0 0.367
e 22 23 0 0.325
e 23 24 0 0.398
e 24 25 0 0.439
e 25 26 0 0.385
e 26 27 0 0.417
e 27 28 0 0.398
e 28 29 0 0.345
e 29 30 0 0.412
e 30 31 0 0.358
e 31 32 0 0.400
e 32 33 0 0.379
e 33 34 0 0.344
e 34 35 0 0.375
t # 22
v 0 0
v 1 2
v 2 4
v 3 5
v 4 6
v 5 2
v 6 1
v 7 8
v 8 7
v 9 9
v 10 9
v 11 7
v 12 3
v 13 8
v 14 9
v 15 9
v 16 9
v 17 9
v 18 9
v 19 9
e 0 1 0 0.367
e 1 2 0 0.366
e 2 3 0 0.439
e 3 4 0 0.444
e 4 5 0 0.544
e 5 6 0 0.347
e 6 7 0 0.311
e 7 8 0 0.407
e 8 9 0 0.441
e 9 10 0 0.463
e 10 11 0 0.380
e 11 12 0 0.374
e 12 13 0 0.444
e 13 14 0 0.412
e 14 15 0 0.372
e 15 16 0 0.375
e 16 17 0 0.378
e 17 18 0 0.416
e 18 19 0 0.387
t # 23
v 0 1
v 1 0
v 2 6
v 3 7
v 4 5
v 5 8
v 6 7
v 7 7
v 8 8
v 9 9
v 10 9
v 11 8
v 12 8
v 13 6
v 14 7
v 15 9
v 16 9
v 17 9
v 18 9
v 19 9
e 0 1 0 0.390
e 1 2 0 0.383
e 2 3 0 0.455
e 3 4 0 0.403
e 4 5 0 0.409
e 5 6 0 0.402
e 6 7 0 0.427
e 7 8 0 0.447
e 8 9 0 0.334
e 9 10 0 0.482
e 10 11 0 0.364
e 11 12 0 0.271
e 12 13 0 0.371
e 13 14 0 0.445
e 14 15 0 0.271
e 15 16 0 0.353
e 16 17 0 0.503
e 17 18 0 0.376
e 18 19 0 0.495
t # 24
v 0 0
v 1 2
v 2 2
v 3 6
v 4 2
v 5 4
v 6 6
v 7 3
v 8 2
v 9 8
v 10 8
v 11 9
v 12 9
v 13 2
e 0 1 0 0.435
e 1 2 0 0.335
e 2 3 0 0.445
e 3 4 0 0.365
e 4 5 0 0.360
e 5 6 0 0.390
e 6 7 0 0.485
e 7 8 0 0.393
e 8 9 0 0.412
e 9 10 0 0.386
e 10 11 0 0.499
e 11 12 0 0.463
e 12 13 0 0.401
t # 25
v 0 7
v 1 9
v 2 9
v 3 9
v 4 9
v 5 9
v 6 9
v 7 9
e 0 1 0 0.469
e 1 2 0 0.374
e 2 3 0 0.506
e 3 4 0 0.365
e 4 5 0 0.356
e 5 6 0 0.447
e 6 7 0 0.426
t # 26
v 0 0
v 1 0
v 2 2
v 3 2
v 4 3
v 5 4
v 6 6
v 7 6
v 8 3
v 9 4
v 10 4
v 11 5
v 12 4
v 13 4
v 14 4
v 15 4
v 16 1
v 17 2
v 18 2
v 19 0
e 0 1 0 0.371
e 1 2 0 0.456
e 2 3 0 0.379
e 3 4 0 0.425
e 4 5 0 0.381
e 5 6 0 0.375
e 6 7 0 0.476
e 7 8 0 0.314
e 8 9 0 0.340
e 9 10 0 0.427
e 10 11 0 0.376
e 11 12 0 0.396
e 12 13 0 0.423
e 13 14 0 0.370
e 14 15 0 0.480
e 15 16 0 0.406
e 16 17 0 0.401
e 17 18 0 0.344
e 18 19 0 0.438
t # 27
v 0 1
v 1 4
v 2 3
v 3 7
v 4 7
v 5 4
v 6 5
v 7 6
v 8 2
v 9 0
v 10 1
v 11 4
v 12 6
v 13 2
v 14 5
v 15 2
v 16 4
v 17 3
v 18 6
v 19 2
v 20 2
v 21 8
v 22 5
v 23 4
v 24 7
v 25 4
v 26 0
v 27 2
v 28 0
v 29 0
e 0 1 0 0.357
e 1 2 0 0.422
e 2 3 0 0.364
e 3 4 0 0.408
e 4 5 0 0.433
e 5 6 0 0.358
e 6 7 0 0.427
e 7 8 0 0.378
e 8 9 0 0.364
e 9 10 0 0.356
e 10 11 0 0.420
e 11 12 0 0.454
e 12 13 0 0.487
e 13 14 0 0.384
e 14 15 0 0.356
e 15 16 0 0.390
e 16 17 0 0.323
e 17 18 0 0.381
e 18 19 0 0.436
e 19 20 0 0.507
e 20 21 0 0.296
e 21 22 0 0.381
e 22 23 0 0.377
e 23 24 0 0.436
e 24 25 0 0.436
e 25 26 0 0.420
e 26 27 0 0.406
e 27 28 0 0.333
e 28 29 0 0.354
t # 28
v 0 0
v 1 1
v 2 9
v 3 1
v 4 1
v 5 5
v 6 5
v 7 6
v 8 8
v 9 9
v 10 9
v 11 9
v 12 9
v 13 9
v 14 8
v 15 9
v 16 9
v 17 8
v 18 9
v 19 9
v 20 9
v 21 9
v 22 9
v 23 9
v 24 6
v 25 2
v 26 3
v 27 1
v 28 6
v 29 0
v 30 4
v 31 3
v 32 3
v 33 0
v 34 0
e 0 1 0 0.439
e 1 2 0 0.433
e 2 3 0 0.373
e 3 4 0 0.289
e 4 5 0 0.391
e 5 6 0 0.375
e 6 7 0 0.355
e 7 8 0 0.459
e 8 9 0 0.417
e 9 10 0 0.420
e 10 11 0 0.331
e 11 12 0 0.376
e 12 13 0 0.358
e 13 14 0 0.382
e 14 15 0 0.395
e 15 16 0 0.359
e 16 17 0 0.424
e 17 18 0 0.490
e 18 19 0 0.431
e 19 20 0 0.339
e 20 21 0 0.393
e 21 22 0 0.498
e 22 23 0 0.482
e 23 24 0 0.404
e 24 25 0 0.488
e 25 26 0 0.526
e 26 27 0 0.363
e 27 28 0 0.356
e 28 29 0 0.464
e 29 30 0 0.342
e 30 31 0 0.384
e 31 32 0 0.448
e 32 33 0 0.376
e 33 34 0 0.366
t # 29
v 0 3
v 1 3
v 2 3
v 3 5
v 4 3
v 5 3
v 6 2
v 7 4
v 8 8
v 9 4
v 10 2
v 11 0
v 12 5
v 13 5
v 14 3
v 15 6
v 16 9
v 17 9
v 18 5
v 19 1
v 20 0
e 0 1 0 0.395
e 1 2 0 0.341
e 2 3 0 0.429
e 3 4 0 0.349
e 4 5 0 0.472
e 5 6 0 0.409
e 6 7 0 0.389
e 7 8 0 0.485
e 8 9 0 0.415
e 9 10 0 0.490
e 10 11 0 0.422
e 11 12 0 0.448
e 12 13 0 0.452
e 13 14 0 0.341
e 14 15 0 0.378
e 15 16 0 0.454
e 16 17 0 0.347
e 17 18 0 0.333
e 18 19 0 0.398
e 19 20 0 0.408
t # 30
v 0 1
v 1 3
v 2 3
v 3 6
v 4 3
v 5 1
v 6 0
v 7 2
v 8 2
v 9 2
v 10 3
v 11 3
v 12 0
v 13 0
v 14 7
v 15 4
v 16 1
v 17 1
v 18 1
e 0 1 0 0.321
e 1 2 0 0.463
e 2 3 0 0.342
e 3 4 0 0.461
e 4 5 0 0.418
e 5 6 0 0.375
e 6 7 0 0.386
e 7 8 0 0.432
e 8 9 0 0.431
e 9 10 0 0.401
e 10 11 0 0.396
e 11 12 0 0.344
e 12 13 0 0.341
e 13 14 0 0.429
e 14 15 0 0.439
e 15 16 0 0.381
e 16 17 0 0.361
e 17 18 0 0.446
t # 31
v 0 0
v 1 6
v 2 6
v 3 2
v 4 7
v 5 8
v 6 7
v 7 1
v 8 1
v 9 5
v 10 4
v 11 6
v 12 2
v 13 7
v 14 4
v 15 1
v 16 1
v 17 6
v 18 7
v 19 7
v 20 3
v 21 7
v 22 6
v 23 4
v 24 9
v 25 9
v 26 9
e 0 1 0 0.414
e 1 2 0 0.460
e 2 3 0 0.376
e 3 4 0 0.373
e 4 5 0 0.409
e 5 6 0 0.314
e 6 7 0 0.447
e 7 8 0 0.367
e 8 9 0 0.376
e 9 10 0 0.381
e 10 11 0 0.409
e 11 12 0 0.371
e 12 13 0 0.366
e 13 14 0 0.372
e 14 15 0 0.346
e 15 16 0 0.428
e 16 17 0 0.410
e 17 18 0 0.431
e 18 19 0 0.458
e 19 20 0 0.372
e 20 21 0 0.363
e 21 22 0 0.399
e 22 23 0 0.378
e 23 24 0 0.387
e 24 25 0 0.415
e 25 26 0 0.432
t # 32
v 0 0
v 1 4
v 2 4
v 3 3
v 4 2
v 5 6
v 6 6
v 7 8
v 8 8
v 9 9
v 10 8
v 11 6
v 12 2
v 13 2
v 14 1
v 15 3
v 16 3
v 17 0
v 18 4
v 19 4
v 20 3
v 21 2
v 22 1
v 23 0
v 24 1
v 25 2
e 0 1 0 0.373
e 1 2 0 0.334
e 2 3 0 0.409
e 3 4 0 0.384
e 4 5 0 0.428
e 5 6 0 0.467
e 6 7 0 0.348
e 7 8 0 0.305
e 8 9 0 0.445
e 9 10 0 0.350
e 10 11 0 0.341
e 11 12 0 0.426
e 12 13 0 0.410
e 13 14 0 0.368
e 14 15 0 0.450
e 15 16 0 0.379
e 16 17 0 0.392
e 17 18 0 0.404
e 18 19 0 0.330
e 19 20 0 0.511
e 20 21 0 0.443
e 21 22 0 0.377
e 22 23 0 0.378
e 23 24 0 0.392
e 24 25 0 0.434
t # 33
v 0 2
v 1 1
v 2 1
v 3 1
v 4 0
v 5 3
v 6 8
v 7 3
v 8 7
v 9 8
v 10 8
v 11 1
v 12 5
v 13 6
v 14 2
v 15 6
v 16 1
v 17 0
v 18 8
v 19 8
v 20 5
v 21 9
v 22 6
v 23 9
v 24 9
v 25 6
v 26 1
v 27 2
v 28 2
v 29 1
v 30 3
v 31 3
v 32 0
e 0 1 0 0.428
e 1 2 0 0.372
e 2 3 0 0.414
e 3 4 0 0.463
e 4 5 0 0.440
e 5 6 0 0.461
e 6 7 0 0.334
e 7 8 0 0.401
e 8 9 0 0.383
e 9 10 0 0.315
e 10 11 0 0.526
e 11 12 0 0.421
e 12 13 0 0.360
e 13 14 0 0.463
e 14 15 0 0.407
e 15 16 0 0.390
e 16 17 0 0.350
e 17 18 0 0.383
e 18 19 0 0.431
e 19 20 0 0.483
e 20 21 0 0.391
e 21 22 0 0.370
e 22 23 0 0.418
e 23 24 0 0.354
e 24 25 0 0.337
e 25 26 0 0.466
e 26 27 0 0.354
e 27 28 0 0.398
e 28 29 0 0.389
e 29 30 0 0.347
e 30 31 0 0.423
e 31 32 0 0.320
t # 34
v 0 1
v 1 2
v 2 5
v 3 6
v 4 2
v 5 7
v 6 8
v 7 2
v 8 0
v 9 7
v 10 2
v 11 0
e 0 1 0 0.380
e 1 2 0 0.382
e 2 3 0 0.358
e 3 4 0 0.410
e 4 5 0 0.432
e 5 6 0 0.388
e 6 7 0 0.419
e 7 8 0 0.466
e 8 9 0 0.404
e 9 10 0 0.469
e 10 11 0 0.343
t # 35
v 0 0
v 1 1
v 2 1
v 3 3
v 4 4
v 5 0
v 6 7
v 7 8
v 8 8
v 9 6
v 10 5
v 11 6
v 12 8
v 13 7
v 14 4
v 15 4
v 16 3
v 17 4
v 18 5
v 19 5
v 20 7
v 21 6
v 22 4
v 23 3
v 24 3
v 25 4
v 26 5
v 27 2
v 28 5
v 29 7
v 30 6
v 31 7
e 0 1 0 0.478
e 1 2 0 0.413
e 2 3 0 0.332
e 3 4 0 0.348
e 4 5 0 0.445
e 5 6 0 0.354
e 6 7 0 0.363
e 7 8 0 0.305
e 8 9 0 0.404
e 9 10 0 0.427
e 10 11 0 0.447
e 11 12 0 0.371
e 12 13 0 0.376
e 13 14 0 0.375
e 14 15 0 0.412
e 15 16 0 0.383
e 16 17 0 0.376
e 17 18 0 0.382
e 18 19 0 0.449
e 19 20 0 0.431
e 20 21 0 0.350
e 21 22 0 0.366
e 22 23 0 0.372
e 23 24 0 0.352
e 24 25 0 0.374
e 25 26 0 0.427
e 26 27 0 0.409
e 27 28 0 0.385
e 28 29 0 0.474
e 29 30 0 0.381
e 30 31 0 0.357
t # 36
v 0 1
v 1 5
v 2 6
v 3 8
v 4 2
v 5 7
v 6 1
v 7 7
v 8 8
v 9 8
v 10 9
v 11 6
v 12 3
v 13 4
v 14 8
v 15 8
v 16 3
v 17 8
v 18 8
v 19 7
v 20 2
v 21 1
v 22 3
v 23 7
v 24 9
v 25 9
e 0 1 0 0.469
e 1 2 0 0.359
e 2 3 0 0.424
e 3 4 0 0.418
e 4 5 0 0.491
e 5 6 0 0.353
e 6 7 0 0.375
e 7 8 0 0.514
e 8 9 0 0.362
e 9 10 0 0.443
e 10 11 0 0.407
e 11 12 0 0.358
e 12 13 0 0.361
e 13 14 0 0.378
e 14 15 0 0.448
e 15 16 0 0.442
e 16 17 0 0.409
e 17 18 0 0.379
e 18 19 0 0.398
e 19 20 0 0.378
e 20 21 0 0.331
e 21 22 0 0.379
e 22 23 0 0.380
e 23 24 0 0.421
e 24 25 0 0.393
t # 37
v 0 4
v 1 0
v 2 2
v 3 4
v 4 5
v 5 7
v 6 2
v 7 1
v 8 7
v 9 7
v 10 9
v 11 9
v 12 9
v 13 9
v 14 9
v 15 9
v 16 9
v 17 9
v 18 9
v 19 9
v 20 9
v 21 9
v 22 9
v 23 6
v 24 8
v 25 8
v 26 9
v 27 8
v 28 8
v 29 3
v 30 2
v 31 3
v 32 3
v 33 3
v 34 1
v 35 0
e 0 1 0 0.467
e 1 2 0 0.319
e 2 3 0 0.351
e 3 4 0 0.401
e 4 5 0 0.444
e 5 6 0 0.213
e 6 7 0 0.461
e 7 8 0 0.425
e 8 9 0 0.386
e 9 10 0 0.305
e 10 11 0 0.417
e 11 12 0 0.420
e 12 13 0 0.394
e 13 14 0 0.447
e 14 15 0 0.489
e 15 16 0 0.285
e 16 17 0 0.415
e 17 18 0 0.370
e 18 19 0 0.403
e 19 20 0 0.409
e 20 21 0 0.356
e 21 22 0 0.455
e 22 23 0 0.425
e 23 24 0 0.346
e 24 25 0 0.422
e 25 26 0 0.441
e 26 27 0 0.459
e 27 28 0 0.410
e 28 29 0 0.405
e 29 30 0 0.391
e 30 31 0 0.372
e 31 32 0 0.372
e 32 33 0 0.362
e 33 34 0 0.359
e 34 35 0 0.536
t # 38
v 0 1
v 1 1
v 2 8
v 3 2
v 4 2
v 5 1
v 6 3
v 7 3
v 8 7
v 9 2
v 10 0
e 0 1 0 0.446
e 1 2 0 0.429
e 2 3 0 0.317
e 3 4 0 0.443
e 4 5 0 0.370
e 5 6 0 0.434
e 6 7 0 0.358
e 7 8 0 0.367
e 8 9 0 0.453
e 9 10 0 0.489
t # 39
v 0 0
v 1 0
v 2 3
v 3 2
v 4 2
v 5 6
v 6 3
v 7 2
v 8 5
v 9 1
v 10 1
v 11 2
v 12 3
v 13 4
v 14 5
v 15 3
v 16 0
v 17 7
v 18 3
v 19 6
v 20 6
v 21 2
v 22 0
v 23 1
v 24 7
v 25 7
v 26 4
v 27 0
v 28 1
e 0 1 0 0.329
e 1 2 0 0.383
e 2 3 0 0.393
e 3 4 0 0.421
e 4 5 0 0.383
e 5 6 0 0.377
e 6 7 0 0.420
e 7 8 0 0.359
e 8 9 0 0.352
e 9 10 0 0.444
e 10 11 0 0.323
e 11 12 0 0.462
e 12 13 0 0.352
e 13 14 0 0.381
e 14 15 0 0.456
e 15 16 0 0.403
e 16 17 0 0.387
e 17 18 0 0.439
e 18 19 0 0.436
e 19 20 0 0.407
e 20 21 0 0.418
e 21 22 0 0.350
e 22 23 0 0.415
e 23 24 0 0.449
e 24 25 0 0.288
e 25 26 0 0.423
e 26 27 0 0.310
e 27 28 0 0.422
t # 40
v 0 0
v 1 2
v 2 4
v 3 5
v 4 8
v 5 9
v 6 9
v 7 9
v 8 9
v 9 8
v 10 4
v 11 8
v 12 3
v 13 0
v 14 6
v 15 6
v 16 2
v 17 5
v 18 1
v 19 4
v 20 4
v 21 0
e 0 1 0 0.336
e 1 2 0 0.416
e 2 3 0 0.414
e 3 4 0 0.476
e 4 5 0 0.475
e 5 6 0 0.396
e 6 7 0 0.356
e 7 8 0 0.461
e 8 9 0 0.435
e 9 10 0 0.371
e 10 11 0 0.365
e 11 12 0 0.368
e 12 13 0 0.289
e 13 14 0 0.423
e 14 15 0 0.381
e 15 16 0 0.314
e 16 17 0 0.438
e 17 18 0 0.400
e 18 19 0 0.316
e 19 20 0 0.380
e 20 21 0 0.418
t # 41
v 0 4
v 1 3
v 2 3
v 3 3
v 4 1
v 5 2
v 6 1
v 7 0
v 8 5
v 9 2
v 10 4
v 11 5
v 12 1
v 13 2
v 14 0
v 15 0
v 16 0
e 0 1 0 0.311
e 1 2 0 0.347
e 2 3 0 0.417
e 3 4 0 0.323
e 4 5 0 0.473
e 5 6 0 0.485
e 6 7 0 0.383
e 7 8 0 0.377
e 8 9 0 0.405
e 9 10 0 0.369
e 10 11 0 0.375
e 11 12 0 0.399
e 12 13 0 0.362
e 13 14 0 0.359
e 14 15 0 0.421
e 15 16 0 0.392
t # 42
v 0 2
v 1 2
v 2 4
v 3 1
v 4 1
v 5 1
v 6 2
v 7 7
v 8 8
v 9 1
v 10 0
v 11 4
v 12 8
v 13 7
v 14 3
v 15 4
v 16 8
v 17 8
v 18 8
v 19 6
v 20 8
v 21 9
v 22 8
v 23 5
v 24 6
v 25 6
v 26 8
v 27 8
v 28 8
v 29 7
v 30 6
v 31 6
v 32 8
v 33 5
v 34 4
v 35 6
v 36 7
v 37 2
v 38 5
v 39 4
v 40 2
v 41 4
v 42 3
v 43 7
v 44 3
v 45 0
e 0 1 0 0.413
e 1 2 0 0.360
e 2 3 0 0.365
e 3 4 0 0.340
e 4 5 0 0.433
e 5 6 0 0.421
e 6 7 0 0.440
e 7 8 0 0.356
e 8 9 0 0.368
e 9 10 0 0.411
e 10 11 0 0.441
e 11 12 0 0.415
e 12 13 0 0.440
e 13 14 0 0.403
e 14 15 0 0.457
e 15 16 0 0.390
e 16 17 0 0.400
e 17 18 0 0.410
e 18 19 0 0.338
e 19 20 0 0.344
e 20 21 0 0.446
e 21 22 0 0.326
e 22 23 0 0.378
e 23 24 0 0.355
e 24 25 0 0.391
e 25 26 0 0.334
e 26 27 0 0.281
e 27 28 0 0.466
e 28 29 0 0.434
e 29 30 0 0.482
e 30 31 0 0.304
e 31 32 0 0.499
e 32 33 0 0.335
e 33 34 0 0.322
e 34 35 0 0.393
e 35 36 0 0.421
e 36 37 0 0.401
e 37 38 0 0.491
e 38 39 0 0.360
e 39 40 0 0.430
e 40 41 0 0.368
e 41 42 0 0.380
e 42 43 0 0.383
e 43 44 0 0.395
e 44 45 0 0.488
t # 43
v 0 1
v 1 1
v 2 1
v 3 3
v 4 6
v 5 1
v 6 2
v 7 4
v 8 3
v 9 1
v 10 3
v 11 0
v 12 4
v 13 3
v 14 1
v 15 0
v 16 3
v 17 1
v 18 4
v 19 3
v 20 5
v 21 4
v 22 2
v 23 1
v 24 2
v 25 1
v 26 2
v 27 7
v 28 5
v 29 8
v 30 8
v 31 7
v 32 6
v 33 4
v 34 6
v 35 2
v 36 1
v 37 3
v 38 2
v 39 4
v 40 7
v 41 8
v 42 9
v 43 9
v 44 9
v 45 3
v 46 9
v 47 9
v 48 9
e 0 1 0 0.361
e 1 2 0 0.416
e 2 3 0 0.385
e 3 4 0 0.474
e 4 5 0 0.415
e 5 6 0 0.344
e 6 7 0 0.417
e 7 8 0 0.457
e 8 9 0 0.397
e 9 10 0 0.329
e 10 11 0 0.363
e 11 12 0 0.483
e 12 13 0 0.405
e 13 14 0 0.439
e 14 15 0 0.550
e 15 16 0 0.337
e 16 17 0 0.343
e 17 18 0 0.415
e 18 19 0 0.366
e 19 20 0 0.479
e 20 21 0 0.455
e 21 22 0 0.376
e 22 23 0 0.344
e 23 24 0 0.338
e 24 25 0 0.335
e 25 26 0 0.472
e 26 27 0 0.462
e 27 28 0 0.499
e 28 29 0 0.491
e 29 30 0 0.343
e 30 31 0 0.347
e 31 32 0 0.441
e 32 33 0 0.423
e 33 34 0 0.452
e 34 35 0 0.356
e 35 36 0 0.461
e 36 37 0 0.404
e 37 38 0 0.423
e 38 39 0 0.402
e 39 40 0 0.378
e 40 41 0 0.399
e 41 42 0 0.307
e 42 43 0 0.378
e 43 44 0 0.477
e 44 45 0 0.399
e 45 46 0 0.392
e 46 47 0 0.494
e 47 48 0 0.367
t # 44
v 0 0
v 1 2
v 2 3
v 3 5
v 4 4
v 5 7
v 6 2
v 7 8
v 8 4
v 9 8
v 10 9
v 11 9
v 12 9
v 13 9
v 14 6
v 15 7
v 16 8
v 17 8
v 18 8
v 19 8
v 20 6
v 21 5
v 22 2
v 23 6
v 24 5
v 25 3
v 26 7
v 27 7
v 28 2
v 29 5
v 30 5
v 31 1
v 32 2
v 33 4
v 34 3
v 35 6
v 36 3
v 37 0
v 38 0
e 0 1 0 0.291
e 1 2 0 0.461
e 2 3 0 0.306
e 3 4 0 0.398
e 4 5 0 0.380
e 5 6 0 0.443
e 6 7 0 0.430
e 7 8 0 0.422
e 8 9 0 0.414
e 9 10 0 0.324
e 10 11 0 0.400
e 11 12 0 0.439
e 12 13 0 0.465
e 13 14 0 0.365
e 14 15 0 0.370
e 15 16 0 0.494
e 16 17 0 0.486
e 17 18 0 0.421
e 18 19 0 0.449
e 19 20 0 0.435
e 20 21 0 0.418
e 21 22 0 0.422
e 22 23 0 0.419
e 23 24 0 0.241
e 24 25 0 0.382
e 25 26 0 0.400
e 26 27 0 0.435
e 27 28 0 0.395
e 28 29 0 0.398
e 29 30 0 0.476
e 30 31 0 0.404
e 31 32 0 0.494
e 32 33 0 0.389
e 33 34 0 0.366
e 34 35 0 0.344
e 35 36 0 0.378
e 36 37 0 0.476
e 37 38 0 0.324
t # 45
v 0 2
v 1 2
v 2 2
v 3 1
v 4 2
v 5 4
v 6 1
v 7 1
v 8 0
v 9 5
v 10 5
v 11 6
v 12 4
v 13 5
v 14 7
v 15 8
v 16 7
v 17 8
v 18 8
v 19 8
v 20 8
v 21 4
v 22 8
v 23 9
v 24 9
v 25 9
v 26 9
e 0 1 0 0.390
e 1 2 0 0.331
e 2 3 0 0.465
e 3 4 0 0.367
e 4 5 0 0.415
e 5 6 0 0.369
e 6 7 0 0.370
e 7 8 0 0.374
e 8 9 0 0.370
e 9 10 0 0.436
e 10 11 0 0.319
e 11 12 0 0.423
e 12 13 0 0.368
e 13 14 0 0.396
e 14 15 0 0.411
e 15 16 0 0.436
e 16 17 0 0.398
e 17 18 0 0.406
e 18 19 0 0.469
e 19 20 0 0.436
e 20 21 0 0.395
e 21 22 0 0.315
e 22 23 0 0.399
e 23 24 0 0.342
e 24 25 0 0.484
e 25 26 0 0.427
t # 46
v 0 0
v 1 4
v 2 1
v 3 2
v 4 3
v 5 6
v 6 5
v 7 4
v 8 3
v 9 4
v 10 4
v 11 6
v 12 7
v 13 3
v 14 1
v 15 6
v 16 6
v 17 0
v 18 0
v 19 1
v 20 4
v 21 3
v 22 1
v 23 8
v 24 6
v 25 6
v 26 0
v 27 1
v 28 7
v 29 5
v 30 0
v 31 6
v 32 7
v 33 4
v 34 1
v 35 0
v 36 1
e 0 1 0 0.437
e 1 2 0 0.444
e 2 3 0 0.463
e 3 4 0 0.382
e 4 5 0 0.526
e 5 6 0 0.435
e 6 7 0 0.355
e 7 8 0 0.447
e 8 9 0 0.376
e 9 10 0 0.479
e 10 11 0 0.343
e 11 12 0 0.450
e 12 13 0 0.439
e 13 14 0 0.340
e 14 15 0 0.399
e 15 16 0 0.380
e 16 17 0 0.388
e 17 18 0 0.351
e 18 19 0 0.296
e 19 20 0 0.389
e 20 21 0 0.394
e 21 22 0 0.372
e 22 23 0 0.337
e 23 24 0 0.497
e 24 25 0 0.355
e 25 26 0 0.392
e 26 27 0 0.531
e 27 28 0 0.354
e 28 29 0 0.390
e 29 30 0 0.364
e 30 31 0 0.342
e 31 32 0 0.426
e 32 33 0 0.407
e 33 34 0 0.368
e 34 35 0 0.404
e 35 36 0 0.405
t # 47
v 0 0
v 1 3
v 2 7
v 3 2
v 4 2
v 5 4
v 6 2
v 7 0
v 8 5
v 9 4
v 10 0
v 11 4
v 12 1
v 13 4
v 14 2
v 15 2
v 16 6
v 17 4
v 18 1
v 19 6
v 20 7
v 21 5
v 22 1
v 23 0
e 0 1 0 0.379
e 1 2 0 0.418
e 2 3 0 0.366
e 3 4 0 0.349
e 4 5 0 0.418
e 5 6 0 0.404
e 6 7 0 0.415
e 7 8 0 0.422
e 8 9 0 0.379
e 9 10 0 0.330
e 10 11 0 0.393
e 11 12 0 0.354
e 12 13 0 0.434
e 13 14 0 0.435
e 14 15 0 0.361
e 15 16 0 0.406
e 16 17 0 0.427
e 17 18 0 0.320
e 18 19 0 0.434
e 19 20 0 0.412
e 20 21 0 0.403
e 21 22 0 0.480
e 22 23 0 0.404
t # 48
v 0 1
v 1 2
v 2 1
v 3 0
v 4 2
v 5 2
v 6 2
v 7 3
v 8 1
v 9 4
v 10 2
v 11 5
v 12 4
v 13 6
v 14 7
v 15 6
v 16 8
v 17 6
v 18 2
v 19 0
v 20 1
v 21 0
v 22 2
v 23 4
v 24 4
v 25 7
v 26 3
v 27 2
v 28 6
v 29 7
v 30 3
v 31 2
v 32 8
v 33 7
v 34 8
v 35 4
v 36 3
v 37 7
v 38 1
v 39 0
e 0 1 0 0.430
e 1 2 0 0.391
e 2 3 0 0.441
e 3 4 0 0.485
e 4 5 0 0.384
e 5 6 0 0.426
e 6 7 0 0.463
e 7 8 0 0.495
e 8 9 0 0.426
e 9 10 0 0.429
e 10 11 0 0.474
e 11 12 0 0.375
e 12 13 0 0.428
e 13 14 0 0.385
e 14 15 0 0.431
e 15 16 0 0.380
e 16 17 0 0.300
e 17 18 0 0.413
e 18 19 0 0.385
e 19 20 0 0.433
e 20 21 0 0.380
e 21 22 0 0.367
e 22 23 0 0.436
e 23 24 0 0.439
e 24 25 0 0.407
e 25 26 0 0.454
e 26 27 0 0.421
e 27 28 0 0.472
e 28 29 0 0.417
e 29 30 0 0.513
e 30 31 0 0.423
e 31 32 0 0.393
e 32 33 0 0.367
e 33 34 0 0.341
e 34 35 0 0.469
e 35 36 0 0.517
e 36 37 0 0.409
e 37 38 0 0.395
e 38 39 0 0.430
t # 49
v 0 3
v 1 3
v 2 3
v 3 6
v 4 6
v 5 4
v 6 5
v 7 6
v 8 7
v 9 9
v 10 9
v 11 9
v 12 8
v 13 8
v 14 6
v 15 1
v 16 7
v 17 5
v 18 0
v 19 6
v 20 6
v 21 5
v 22 0
v 23 0
e 0 1 0 0.401
e 1 2 0 0.398
e 2 3 0 0.417
e 3 4 0 0.379
e 4 5 0 0.328
e 5 6 0 0.388
e 6 7 0 0.469
e 7 8 0 0.390
e 8 9 0 0.320
e 9 10 0 0.344
e 10 11 0 0.429
e 11 12 0 0.373
e 12 13 0 0.314
e 13 14 0 0.375
e 14 15 0 0.411
e 15 16 0 0.287
e 16 17 0 0.449
e 17 18 0 0.377
e 18 19 0 0.286
e 19 20 0 0.435
e 20 21 0 0.421
e 21 22 0 0.317
e 22 23 0 0.435
t # 50
v 0 4
v 1 2
v 2 8
v 3 6
v 4 1
v 5 4
v 6 5
v 7 7
v 8 5
v 9 6
v 10 7
v 11 4
v 12 6
v 13 8
v 14 3
v 15 5
v 16 3
v 17 4
v 18 5
v 19 4
v 20 4
v 21 5
v 22 4
v 23 4
e 0 1 0 0.371
e 1 2 0 0.387
e 2 3 0 0.461
e 3 4 0 0.358
e 4 5 0 0.436
e 5 6 0 0.451
e 6 7 0 0.412
e 7 8 0 0.373
e 8 9 0 0.495
e 9 10 0 0.414
e 10 11 0 0.336
e 11 12 0 0.330
e 12 13 0 0.278
e 13 14 0 0.308
e 14 15 0 0.359
e 15 16 0 0.435
e 16 17 0 0.390
e 17 18 0 0.420
e 18 19 0 0.484
e 19 20 0 0.386
e 20 21 0 0.416
e 21 22 0 0.382
e 22 23 0 0.424
t # 51
v 0 1
v 1 1
v 2 1
v 3 2
v 4 6
v 5 6
v 6 4
v 7 4
v 8 2
v 9 0
v 10 2
v 11 0
v 12 2
v 13 2
v 14 5
v 15 0
v 16 4
v 17 5
v 18 2
v 19 1
v 20 6
v 21 2
v 22 2
v 23 8
v 24 2
v 25 2
v 26 1
v 27 0
v 28 5
v 29 3
v 30 4
v 31 5
v 32 2
v 33 2
v 34 5
v 35 7
v 36 8
v 37 5
v 38 1
v 39 4
v 40 4
v 41 7
v 42 4
v 43 3
v 44 4
v 45 3
v 46 1
v 47 0
v 48 3
v 49 5
v 50 1
v 51 0
v 52 0
v 53 3
v 54 4
v 55 5
v 56 1
v 57 5
v 58 1
v 59 2
v 60 3
v 61 0
v 62 0
v 63 3
v 64 1
v 65 6
v 66 1
e 0 1 0 0.405
e 1 2 0 0.441
e 2 3 0 0.444
e 3 4 0 0.367
e 4 5 0 0.352
e 5 6 0 0.364
e 6 7 0 0.518
e 7 8 0 0.441
e 8 9 0 0.519
e 9 10 0 0.325
e 10 11 0 0.385
e 11 12 0 0.475
e 12 13 0 0.313
e 13 14 0 0.428
e 14 15 0 0.403
e 15 16 0 0.365
e 16 12 0 0.409
e 12 17 0 0.461
e 17 18 0 0.428
e 18 19 0 0.383
e 19 20 0 0.418
e 20 21 0 0.459
e 21 22 0 0.401
e 22 23 0 0.452
e 23 24 0 0.446
e 24 25 0 0.362
e 25 26 0 0.376
e 26 27 0 0.347
e 27 28 0 0.350
e 28 29 0 0.414
e 29 30 0 0.335
e 30 31 0 0.374
e 31 32 0 0.414
e 32 33 0 0.413
e 33 34 0 0.386
e 34 35 0 0.432
e 35 36 0 0.404
e 36 37 0 0.388
e 37 38 0 0.439
e 38 39 0 0.379
e 39 40 0 0.397
e 40 41 0 0.357
e 41 42 0 0.400
e 42 43 0 0.421
e 43 44 0 0.353
e 44 45 0 0.483
e 45 46 0 0.422
e 46 47 0 0.373
e 47 48 0 0.321
e 48 49 0 0.411
e 49 50 0 0.400
e 50 51 0 0.362
e 51 52 0 0.397
e 52 53 0 0.371
e 53 54 0 0.420
e 54 55 0 0.342
e 55 56 0 0.503
e 56 57 0 0.414
e 57 58 0 0.492
e 58 59 0 0.417
e 59 60 0 0.432
e 60 61 0 0.388
e 61 62 0 0.408
e 62 63 0 0.401
e 63 64 0 0.360
e 64 65 0 0.451
e 65 66 0 0.380
t # 52
v 0 4
v 1 2
v 2 2
v 3 8
v 4 8
v 5 8
v 6 8
v 7 8
v 8 5
v 9 0
v 10 7
v 11 7
v 12 8
v 13 7
v 14 7
v 15 5
v 16 5
v 17 5
v 18 4
v 19 1
v 20 0
v 21 1
v 22 3
v 23 0
v 24 2
v 25 3
v 26 3
v 27 1
v 28 1
v 29 4
v 30 0
v 31 0
v 32 4
v 33 0
v 34 3
v 35 7
v 36 7
v 37 2
v 38 1
v 39 3
v 40 5
v 41 1
v 42 2
v 43 1
e 0 1 0 0.424
e 1 2 0 0.421
e 2 3 0 0.351
e 3 4 0 0.486
e 4 5 0 0.381
e 5 6 0 0.390
e 6 7 0 0.313
e 7 8 0 0.484
e 8 9 0 0.483
e 9 10 0 0.416
e 10 7 0 0.366
e 7 11 0 0.430
e 11 12 0 0.421
e 12 13 0 0.355
e 13 14 0 0.447
e 14 15 0 0.298
e 15 16 0 0.393
e 16 17 0 0.454
e 17 18 0 0.305
e 18 19 0 0.382
e 19 20 0 0.463
e 20 19 0 0.440
e 19 21 0 0.339
e 21 22 0 0.398
e 22 23 0 0.362
e 23 24 0 0.380
e 24 25 0 0.449
e 25 26 0 0.483
e 26 27 0 0.320
e 27 28 0 0.417
e 28 29 0 0.379
e 29 30 0 0.420
e 30 31 0 0.341
e 31 32 0 0.416
e 32 33 0 0.431
e 33 34 0 0.408
e 34 35 0 0.386
e 35 36 0 0.393
e 36 37 0 0.426
e 37 38 0 0.319
e 38 39 0 0.307
e 39 40 0 0.397
e 40 41 0 0.370
e 41 42 0 0.413
e 42 43 0 0.381
t # 53
v 0 0
v 1 5
v 2 2
v 3 4
v 4 3
v 5 1
v 6 3
v 7 4
v 8 7
v 9 5
v 10 1
v 11 3
v 12 5
v 13 3
v 14 2
v 15 1
v 16 1
v 17 5
v 18 4
v 19 2
v 20 0
v 21 3
v 22 1
v 23 4
v 24 2
v 25 3
v 26 6
v 27 6
v 28 1
v 29 6
v 30 7
v 31 5
v 32 1
v 33 0
e 0 1 0 0.406
e 1 2 0 0.475
e 2 3 0 0.449
e 3 4 0 0.495
e 4 5 0 0.487
e 5 6 0 0.390
e 6 7 0 0.391
e 7 8 0 0.394
e 8 9 0 0.331
e 9 10 0 0.338
e 10 11 0 0.324
e 11 12 0 0.392
e 12 13 0 0.456
e 13 14 0 0.362
e 14 15 0 0.412
e 15 16 0 0.478
e 16 17 0 0.421
e 17 18 0 0.322
e 18 19 0 0.436
e 19 20 0 0.333
e 20 21 0 0.335
e 21 22 0 0.396
e 22 23 0 0.428
e 23 24 0 0.444
e 24 25 0 0.346
e 25 26 0 0.412
e 26 27 0 0.426
e 27 28 0 0.394
e 28 29 0 0.350
e 29 30 0 0.334
e 30 31 0 0.433
e 31 32 0 0.454
e 32 33 0 0.359
t # 54
v 0 1
v 1 3
v 2 2
v 3 1
v 4 1
v 5 3
v 6 6
v 7 3
v 8 2
v 9 6
v 10 5
v 11 6
v 12 7
v 13 8
v 14 9
v 15 3
v 16 2
v 17 7
v 18 7
v 19 8
v 20 8
v 21 8
v 22 9
v 23 9
v 24 9
v 25 9
v 26 9
v 27 9
v 28 9
v 29 5
v 30 8
v 31 9
v 32 9
v 33 9
v 34 9
v 35 9
e 0 1 0 0.441
e 1 2 0 0.433
e 2 3 0 0.401
e 3 4 0 0.375
e 4 5 0 0.406
e 5 6 0 0.430
e 6 7 0 0.443
e 7 8 0 0.285
e 8 9 0 0.387
e 9 10 0 0.434
e 10 11 0 0.378
e 11 12 0 0.427
e 12 13 0 0.362
e 13 14 0 0.424
e 14 15 0 0.385
e 15 16 0 0.387
e 16 17 0 0.360
e 17 18 0 0.425
e 18 19 0 0.437
e 19 20 0 0.431
e 20 21 0 0.408
e 21 22 0 0.374
e 22 23 0 0.385
e 23 24 0 0.314
e 24 25 0 0.431
e 25 26 0 0.388
e 26 27 0 0.350
e 27 28 0 0.389
e 28 29 0 0.342
e 29 30 0 0.359
e 30 31 0 0.374
e 31 32 0 0.353
e 32 33 0 0.403
e 33 34 0 0.357
e 34 35 0 0.427
t # 55
v 0 1
v 1 2
v 2 2
v 3 1
v 4 2
v 5 5
v 6 1
v 7 4
v 8 0
v 9 4
v 10 5
v 11 5
v 12 0
v 13 1
v 14 3
v 15 6
v 16 2
v 17 2
v 18 1
v 19 2
v 20 1
v 21 2
v 22 3
v 23 1
v 24 3
v 25 2
v 26 0
v 27 2
v 28 1
v 29 1
v 30 3
v 31 4
v 32 2
v 33 6
v 34 5
v 35 5
v 36 6
v 37 7
v 38 2
v 39 0
e 0 1 0 0.437
e 1 2 0 0.441
e 2 3 0 0.327
e 3 4 0 0.335
e 4 5 0 0.337
e 5 6 0 0.374
e 6 7 0 0.351
e 7 8 0 0.360
e 8 9 0 0.361
e 9 10 0 0.401
e 10 11 0 0.436
e 11 12 0 0.404
e 12 13 0 0.444
e 13 14 0 0.372
e 14 15 0 0.320
e 15 16 0 0.467
e 16 17 0 0.436
e 17 18 0 0.360
e 18 19 0 0.426
e 19 20 0 0.440
e 20 21 0 0.411
e 21 22 0 0.442
e 22 23 0 0.398
e 23 24 0 0.381
e 24 25 0 0.437
e 25 26 0 0.400
e 26 27 0 0.430
e 27 28 0 0.384
e 28 29 0 0.342
e 29 30 0 0.466
e 30 31 0 0.338
e 31 32 0 0.409
e 32 33 0 0.367
e 33 34 0 0.461
e 34 35 0 0.420
e 35 36 0 0.347
e 36 37 0 0.401
e 37 38 0 0.428
e 38 39 0 0.417
t # 56
v 0 0
v 1 3
v 2 5
v 3 2
v 4 3
v 5 5
v 6 3
v 7 2
v 8 1
v 9 6
v 10 1
v 11 5
v 12 3
v 13 5
v 14 2
v 15 0
e 0 1 0 0.415
e 1 2 0 0.374
e 2 3 0 0.391
e 3 4 0 0.485
e 4 5 0 0.285
e 5 6 0 0.313
e 6 7 0 0.436
e 7 8 0 0.321
e 8 9 0 0.358
e 9 10 0 0.483
e 10 11 0 0.367
e 11 12 0 0.419
e 12 13 0 0.453
e 13 14 0 0.304
e 14 15 0 0.468
t # 57
v 0 1
v 1 0
v 2 7
v 3 6
v 4 4
v 5 5
v 6 2
v 7 2
v 8 5
v 9 3
v 10 6
v 11 5
v 12 1
v 13 2
v 14 5
v 15 2
v 16 1
v 17 4
v 18 5
v 19 1
v 20 0
v 21 0
e 0 1 0 0.395
e 1 2 0 0.428
e 2 3 0 0.370
e 3 4 0 0.430
e 4 5 0 0.396
e 5 6 0 0.314
e 6 7 0 0.401
e 7 8 0 0.412
e 8 9 0 0.404
e 9 10 0 0.484
e 10 11 0 0.436
e 11 12 0 0.370
e 12 13 0 0.338
e 13 14 0 0.376
e 14 15 0 0.541
e 15 16 0 0.354
e 16 17 0 0.352
e 17 18 0 0.421
e 18 19 0 0.475
e 19 20 0 0.407
e 20 21 0 0.395
t # 58
v 0 0
v 1 1
v 2 1
v 3 3
v 4 1
v 5 4
v 6 0
v 7 5
v 8 6
v 9 6
v 10 2
v 11 2
v 12 1
v 13 5
v 14 4
v 15 1
v 16 1
v 17 5
v 18 6
v 19 7
v 20 5
v 21 2
v 22 0
e 0 1 0 0.393
e 1 2 0 0.367
e 2 3 0 0.376
e 3 4 0 0.376
e 4 5 0 0.483
e 5 6 0 0.439
e 6 7 0 0.389
e 7 8 0 0.401
e 8 9 0 0.405
e 9 10 0 0.378
e 10 11 0 0.330
e 11 12 0 0.422
e 12 13 0 0.384
e 13 14 0 0.379
e 14 15 0 0.418
e 15 16 0 0.433
e 16 17 0 0.399
e 17 18 0 0.316
e 18 19 0 0.334
e 19 20 0 0.386
e 20 21 0 0.276
e 21 22 0 0.340
t # 59
v 0 4
v 1 0
v 2 3
v 3 7
v 4 4
v 5 7
v 6 9
v 7 9
v 8 9
v 9 9
v 10 9
v 11 9
v 12 7
v 13 7
v 14 3
v 15 5
v 16 6
v 17 7
v 18 9
v 19 6
v 20 2
v 21 1
v 22 2
v 23 0
e 0 1 0 0.418
e 1 2 0 0.430
e 2 3 0 0.433
e 3 4 0 0.319
e 4 5 0 0.335
e 5 6 0 0.433
e 6 7 0 0.410
e 7 8 0 0.408
e 8 9 0 0.388
e 9 10 0 0.353
e 10 11 0 0.415
e 11 12 0 0.305
e 12 13 0 0.437
e 13 14 0 0.365
e 14 15 0 0.363
e 15 16 0 0.430
e 16 17 0 0.454
e 17 18 0 0.363
e 18 19 0 0.433
e 19 20 0 0.476
e 20 21 0 0.399
e 21 22 0 0.443
e 22 23 0 0.393
t # 60
v 0 0
v 1 0
v 2 1
v 3 2
v 4 1
v 5 0
v 6 1
v 7 0
v 8 2
v 9 2
v 10 4
v 11 1
v 12 0
v 13 4
v 14 1
v 15 5
v 16 3
v 17 5
v 18 3
v 19 5
v 20 6
v 21 8
v 22 2
v 23 3
v 24 6
v 25 7
v 26 6
v 27 8
v 28 8
v 29 4
v 30 8
v 31 9
v 32 9
v 33 9
e 0 1 0 0.471
e 1 0 0 0.392
e 0 1 0 0.442
e 1 0 0 0.442
e 0 2 0 0.396
e 2 3 0 0.495
e 3 4 0 0.260
e 4 5 0 0.426
e 5 4 0 0.371
e 4 5 0 0.387
e 5 6 0 0.458
e 6 7 0 0.420
e 7 8 0 0.431
e 8 9 0 0.347
e 9 10 0 0.359
e 10 11 0 0.386
e 11 12 0 0.411
e 12 13 0 0.377
e 13 14 0 0.365
e 14 15 0 0.389
e 15 16 0 0.379
e 16 17 0 0.390
e 17 18 0 0.348
e 18 19 0 0.437
e 19 20 0 0.490
e 20 21 0 0.315
e 21 22 0 0.321
e 22 23 0 0.458
e 23 24 0 0.335
e 24 25 0 0.376
e 25 26 0 0.373
e 26 27 0 0.415
e 27 28 0 0.383
e 28 29 0 0.484
e 29 30 0 0.390
e 30 31 0 0.437
e 31 32 0 0.518
e 32 33 0 0.465
t # 61
v 0 0
v 1 3
v 2 5
v 3 8
v 4 6
v 5 6
v 6 8
v 7 6
v 8 3
v 9 3
v 10 5
v 11 6
v 12 8
v 13 6
v 14 5
v 15 4
v 16 0
v 17 6
v 18 8
v 19 5
v 20 0
v 21 5
v 22 4
v 23 3
v 24 0
v 25 7
v 26 8
e 0 1 0 0.488
e 1 2 0 0.414
e 2 3 0 0.317
e 3 4 0 0.512
e 4 5 0 0.446
e 5 6 0 0.350
e 6 7 0 0.442
e 7 8 0 0.351
e 8 9 0 0.430
e 9 10 0 0.449
e 10 11 0 0.377
e 11 12 0 0.408
e 12 13 0 0.330
e 13 14 0 0.282
e 14 15 0 0.344
e 15 16 0 0.323
e 16 17 0 0.411
e 17 18 0 0.456
e 18 19 0 0.442
e 19 20 0 0.289
e 20 21 0 0.392
e 21 22 0 0.374
e 22 23 0 0.382
e 23 24 0 0.438
e 24 25 0 0.466
e 25 26 0 0.376
t # 62
v 0 1
v 1 5
v 2 6
v 3 5
v 4 6
v 5 8
v 6 6
v 7 7
v 8 8
v 9 7
v 10 7
v 11 4
v 12 1
v 13 3
v 14 3
v 15 4
v 16 4
v 17 5
v 18 5
v 19 4
v 20 6
v 21 5
v 22 5
v 23 5
v 24 5
v 25 5
v 26 8
v 27 8
v 28 8
v 29 5
v 30 2
v 31 5
v 32 3
v 33 4
v 34 4
v 35 6
v 36 5
v 37 5
v 38 3
v 39 5
v 40 5
v 41 3
v 42 6
v 43 2
v 44 1
v 45 1
v 46 1
e 0 1 0 0.292
e 1 2 0 0.343
e 2 3 0 0.344
e 3 4 0 0.351
e 4 5 0 0.388
e 5 6 0 0.375
e 6 7 0 0.464
e 7 8 0 0.419
e 8 9 0 0.407
e 9 10 0 0.456
e 10 11 0 0.431
e 11 12 0 0.413
e 12 13 0 0.333
e 13 14 0 0.396
e 14 15 0 0.423
e 15 16 0 0.434
e 16 17 0 0.440
e 17 18 0 0.430
e 18 19 0 0.346
e 19 20 0 0.408
e 20 21 0 0.325
e 21 22 0 0.425
e 22 23 0 0.375
e 23 24 0 0.417
e 24 25 0 0.345
e 25 26 0 0.437
e 26 27 0 0.478
e 27 28 0 0.385
e 28 29 0 0.435
e 29 30 0 0.353
e 30 31 0 0.387
e 31 32 0 0.396
e 32 33 0 0.436
e 33 34 0 0.442
e 34 35 0 0.405
e 35 36 0 0.328
e 36 37 0 0.351
e 37 38 0 0.408
e 38 39 0 0.381
e 39 40 0 0.437
e 40 41 0 0.430
e 41 42 0 0.343
e 42 43 0 0.441
e 43 44 0 0.371
e 44 45 0 0.373
e 45 46 0 0.469
t # 63
v 0 1
v 1 3
v 2 1
v 3 0
v 4 0
v 5 2
v 6 2
v 7 4
v 8 9
v 9 3
v 10 0
v 11 0
v 12 0
v 13 0
v 14 5
v 15 2
v 16 0
v 17 1
v 18 0
v 19 4
v 20 8
v 21 1
v 22 3
v 23 6
v 24 4
v 25 2
v 26 1
v 27 6
v 28 8
v 29 4
v 30 2
v 31 8
v 32 8
v 33 8
v 34 7
v 35 8
v 36 9
v 37 9
v 38 9
e 0 1 0 0.360
e 1 2 0 0.415
e 2 3 0 0.466
e 3 4 0 0.396
e 4 5 0 0.398
e 5 6 0 0.425
e 6 7 0 0.488
e 7 8 0 0.431
e 8 9 0 0.392
e 9 10 0 0.351
e 10 11 0 0.428
e 11 10 0 0.391
e 10 11 0 0.422
e 11 12 0 0.358
e 12 13 0 0.353
e 13 12 0 0.457
e 12 13 0 0.440
e 13 12 0 0.492
e 12 14 0 0.395
e 14 15 0 0.457
e 15 16 0 0.391
e 16 17 0 0.448
e 17 18 0 0.401
e 18 19 0 0.369
e 19 20 0 0.366
e 20 21 0 0.438
e 21 22 0 0.366
e 22 23 0 0.343
e 23 24 0 0.502
e 24 25 0 0.540
e 25 26 0 0.367
e 26 27 0 0.427
e 27 28 0 0.458
e 28 29 0 0.422
e 29 30 0 0.418
e 30 31 0 0.432
e 31 32 0 0.410
e 32 33 0 0.488
e 33 34 0 0.453
e 34 35 0 0.399
e 35 36 0 0.406
e 36 37 0 0.493
e 37 38 0 0.427
t # 64
v 0 0
v 1 2
v 2 4
v 3 7
v 4 7
v 5 7
v 6 7
v 7 7
v 8 6
v 9 8
v 10 5
v 11 1
v 12 4
v 13 5
v 14 3
v 15 4
v 16 3
v 17 4
e 0 1 0 0.391
e 1 2 0 0.415
e 2 3 0 0.414
e 3 4 0 0.485
e 4 5 0 0.438
e 5 6 0 0.490
e 6 7 0 0.431
e 7 8 0 0.383
e 8 9 0 0.399
e 9 10 0 0.381
e 10 11 0 0.382
e 11 12 0 0.324
e 12 13 0 0.373
e 13 14 0 0.434
e 14 15 0 0.400
e 15 16 0 0.464
e 16 17 0 0.415
t # 65
v 0 0
v 1 2
v 2 5
v 3 3
v 4 4
v 5 6
v 6 5
v 7 2
v 8 0
v 9 0
v 10 4
v 11 5
v 12 7
v 13 8
v 14 8
v 15 8
v 16 7
v 17 4
v 18 2
v 19 7
v 20 0
v 21 1
v 22 5
v 23 7
v 24 8
v 25 9
v 26 9
v 27 9
v 28 9
v 29 6
v 30 6
v 31 7
v 32 8
v 33 8
v 34 8
v 35 7
v 36 6
v 37 4
v 38 5
v 39 7
v 40 3
v 41 7
v 42 7
v 43 2
v 44 6
v 45 4
v 46 2
v 47 3
v 48 7
v 49 5
v 50 0
v 51 0
v 52 0
e 0 1 0 0.352
e 1 2 0 0.405
e 2 3 0 0.486
e 3 4 0 0.397
e 4 5 0 0.503
e 5 6 0 0.462
e 6 7 0 0.377
e 7 8 0 0.336
e 8 9 0 0.417
e 9 10 0 0.422
e 10 11 0 0.420
e 11 12 0 0.510
e 12 13 0 0.365
e 13 14 0 0.472
e 14 15 0 0.455
e 15 16 0 0.407
e 16 17 0 0.340
e 17 18 0 0.414
e 18 19 0 0.472
e 19 20 0 0.438
e 20 21 0 0.432
e 21 22 0 0.355
e 22 23 0 0.363
e 23 24 0 0.443
e 24 25 0 0.445
e 25 26 0 0.321
e 26 27 0 0.412
e 27 28 0 0.372
e 28 29 0 0.435
e 29 30 0 0.418
e 30 31 0 0.429
e 31 32 0 0.396
e 32 33 0 0.355
e 33 34 0 0.366
e 34 35 0 0.416
e 35 36 0 0.388
e 36 37 0 0.332
e 37 38 0 0.485
e 38 39 0 0.408
e 39 40 0 0.385
e 40 41 0 0.373
e 41 42 0 0.404
e 42 43 0 0.429
e 43 44 0 0.298
e 44 45 0 0.410
e 45 46 0 0.419
e 46 47 0 0.412
e 47 48 0 0.397
e 48 49 0 0.474
e 49 50 0 0.467
e 50 51 0 0.371
e 51 52 0 0.369
t # 66
v 0 1
v 1 2
v 2 3
v 3 2
v 4 4
v 5 5
v 6 5
v 7 0
v 8 0
v 9 4
v 10 4
v 11 5
v 12 4
v 13 2
v 14 3
v 15 3
v 16 2
v 17 2
v 18 0
v 19 0
v 20 2
v 21 1
v 22 3
v 23 5
v 24 5
v 25 1
v 26 0
v 27 7
v 28 0
v 29 2
v 30 6
v 31 3
v 32 4
v 33 4
v 34 1
v 35 3
v 36 6
v 37 8
v 38 9
v 39 9
v 40 9
e 0 1 0 0.419
e 1 2 0 0.375
e 2 3 0 0.363
e 3 4 0 0.361
e 4 5 0 0.335
e 5 6 0 0.432
e 6 7 0 0.434
e 7 8 0 0.270
e 8 9 0 0.454
e 9 10 0 0.430
e 10 11 0 0.413
e 11 12 0 0.452
e 12 13 0 0.321
e 13 14 0 0.353
e 14 15 0 0.338
e 15 16 0 0.398
e 16 17 0 0.399
e 17 18 0 0.429
e 18 19 0 0.419
e 19 20 0 0.367
e 20 21 0 0.376
e 21 22 0 0.389
e 22 23 0 0.443
e 23 24 0 0.404
e 24 25 0 0.443
e 25 26 0 0.330
e 26 27 0 0.354
e 27 28 0 0.494
e 28 29 0 0.417
e 29 30 0 0.388
e 30 31 0 0.372
e 31 32 0 0.466
e 32 33 0 0.434
e 33 34 0 0.349
e 34 35 0 0.450
e 35 36 0 0.447
e 36 37 0 0.466
e 37 38 0 0.472
e 38 39 0 0.368
e 39 40 0 0.302
t # 67
v 0 0
v 1 7
v 2 6
v 3 6
v 4 8
v 5 7
v 6 8
v 7 9
e 0 1 0 0.330
e 1 2 0 0.314
e 2 3 0 0.364
e 3 4 0 0.455
e 4 5 0 0.396
e 5 6 0 0.440
e 6 7 0 0.393
t # 68
v 0 0
v 1 0
v 2 5
v 3 5
v 4 8
v 5 8
v 6 9
v 7 9
v 8 9
v 9 9
v 10 9
v 11 9
v 12 9
v 13 9
v 14 9
v 15 9
v 16 9
v 17 8
v 18 9
v 19 8
v 20 9
v 21 9
v 22 8
v 23 2
v 24 2
v 25 1
v 26 3
v 27 3
v 28 0
e 0 1 0 0.418
e 1 0 0 0.445
e 0 1 0 0.375
e 1 2 0 0.299
e 2 3 0 0.336
e 3 4 0 0.391
e 4 5 0 0.235
e 5 6 0 0.384
e 6 7 0 0.423
e 7 8 0 0.341
e 8 9 0 0.377
e 9 10 0 0.437
e 10 11 0 0.348
e 11 12 0 0.406
e 12 13 0 0.473
e 13 14 0 0.425
e 14 15 0 0.363
e 15 16 0 0.456
e 16 17 0 0.423
e 17 18 0 0.360
e 18 19 0 0.430
e 19 20 0 0.398
e 20 21 0 0.323
e 21 22 0 0.430
e 22 23 0 0.403
e 23 24 0 0.359
e 24 25 0 0.401
e 25 26 0 0.412
e 26 27 0 0.390
e 27 28 0 0.421
t # 69
v 0 1
v 1 1
v 2 2
v 3 5
v 4 0
v 5 3
v 6 0
v 7 5
v 8 3
v 9 4
v 10 4
v 11 1
v 12 3
v 13 6
v 14 8
v 15 9
v 16 8
v 17 7
v 18 7
v 19 4
v 20 0
v 21 6
v 22 2
v 23 0
v 24 1
v 25 2
e 0 1 0 0.429
e 1 2 0 0.357
e 2 3 0 0.377
e 3 4 0 0.429
e 4 5 0 0.374
e 5 6 0 0.378
e 6 7 0 0.427
e 7 8 0 0.432
e 8 9 0 0.426
e 9 10 0 0.326
e 10 11 0 0.443
e 11 12 0 0.408
e 12 13 0 0.389
e 13 14 0 0.361
e 14 15 0 0.519
e 15 16 0 0.428
e 16 17 0 0.464
e 17 18 0 0.377
e 18 19 0 0.406
e 19 20 0 0.470
e 20 21 0 0.427
e 21 22 0 0.376
e 22 23 0 0.385
e 23 24 0 0.381
e 24 25 0 0.270
t # 70
v 0 1
v 1 5
v 2 4
v 3 2
v 4 6
v 5 6
v 6 4
v 7 8
v 8 7
v 9 4
v 10 6
v 11 7
v 12 6
v 13 7
v 14 9
v 15 8
v 16 9
v 17 9
v 18 6
v 19 6
v 20 2
v 21 3
v 22 8
v 23 6
v 24 2
v 25 6
v 26 8
v 27 6
v 28 7
v 29 8
v 30 7
v 31 1
v 32 5
v 33 6
v 34 5
v 35 5
v 36 5
v 37 7
v 38 6
v 39 3
v 40 5
e 0 1 0 0.415
e 1 2 0 0.456
e 2 3 0 0.356
e 3 4 0 0.364
e 4 5 0 0.419
e 5 6 0 0.462
e 6 7 0 0.399
e 7 8 0 0.459
e 8 9 0 0.389
e 9 10 0 0.433
e 10 11 0 0.420
e 11 12 0 0.403
e 12 13 0 0.390
e 13 14 0 0.379
e 14 15 0 0.365
e 15 16 0 0.364
e 16 17 0 0.472
e 17 18 0 0.368
e 18 19 0 0.444
e 19 20 0 0.335
e 20 21 0 0.352
e 21 22 0 0.391
e 22 23 0 0.368
e 23 24 0 0.417
e 24 25 0 0.448
e 25 26 0 0.390
e 26 27 0 0.394
e 27 28 0 0.431
e 28 29 0 0.434
e 29 30 0 0.394
e 30 31 0 0.390
e 31 32 0 0.355
e 32 33 0 0.428
e 33 34 0 0.366
e 34 35 0 0.375
e 35 36 0 0.408
e 36 37 0 0.419
e 37 38 0 0.425
e 38 39 0 0.464
e 39 40 0 0.451
t # 71
v 0 0
v 1 0
v 2 3
v 3 4
v 4 2
v 5 1
v 6 0
v 7 5
v 8 4
v 9 5
v 10 8
v 11 9
v 12 9
v 13 9
v 14 9
v 15 9
v 16 9
e 0 1 0 0.407
e 1 0 0 0.417
e 0 2 0 0.411
e 2 3 0 0.378
e 3 4 0 0.382
e 4 5 0 0.452
e 5 6 0 0.356
e 6 7 0 0.418
e 7 8 0 0.414
e 8 9 0 0.363
e 9 10 0 0.454
e 10 11 0 0.441
e 11 12 0 0.442
e 12 13 0 0.390
e 13 14 0 0.412
e 14 15 0 0.442
e 15 16 0 0.436
t # 72
v 0 1
v 1 4
v 2 2
v 3 2
v 4 1
v 5 3
v 6 6
v 7 2
v 8 5
v 9 3
v 10 6
v 11 3
v 12 1
v 13 4
v 14 8
v 15 3
v 16 7
v 17 0
v 18 1
v 19 0
v 20 0
e 0 1 0 0.395
e 1 2 0 0.344
e 2 3 0 0.394
e 3 4 0 0.431
e 4 5 0 0.413
e 5 6 0 0.428
e 6 7 0 0.446
e 7 8 0 0.421
e 8 9 0 0.360
e 9 10 0 0.428
e 10 11 0 0.440
e 11 12 0 0.359
e 12 13 0 0.404
e 13 14 0 0.442
e 14 15 0 0.274
e 15 16 0 0.374
e 16 17 0 0.444
e 17 18 0 0.436
e 18 19 0 0.362
e 19 20 0 0.452
t # 73
v 0 2
v 1 5
v 2 8
v 3 7
v 4 8
v 5 3
v 6 1
v 7 5
v 8 9
v 9 9
v 10 9
v 11 9
v 12 9
v 13 9
v 14 9
v 15 9
v 16 9
v 17 9
v 18 6
v 19 8
v 20 9
v 21 9
v 22 9
v 23 9
v 24 9
v 25 8
v 26 3
v 27 4
v 28 0
v 29 0
e 0 1 0 0.314
e 1 2 0 0.418
e 2 3 0 0.358
e 3 4 0 0.311
e 4 5 0 0.315
e 5 6 0 0.358
e 6 7 0 0.407
e 7 8 0 0.423
e 8 9 0 0.398
e 9 10 0 0.473
e 10 11 0 0.339
e 11 12 0 0.405
e 12 13 0 0.300
e 13 14 0 0.349
e 14 15 0 0.482
e 15 16 0 0.451
e 16 17 0 0.317
e 17 18 0 0.351
e 18 19 0 0.372
e 19 20 0 0.433
e 20 21 0 0.333
e 21 22 0 0.379
e 22 23 0 0.388
e 23 24 0 0.420
e 24 25 0 0.404
e 25 26 0 0.511
e 26 27 0 0.324
e 27 28 0 0.360
e 28 29 0 0.445
t # 74
v 0 3
v 1 1
v 2 6
v 3 8
v 4 8
v 5 5
v 6 6
v 7 6
v 8 6
v 9 9
v 10 8
v 11 9
v 12 9
v 13 8
v 14 8
v 15 6
v 16 3
v 17 1
v 18 7
v 19 7
v 20 0
v 21 6
v 22 7
v 23 8
v 24 0
v 25 2
v 26 5
v 27 3
v 28 1
v 29 1
v 30 0
e 0 1 0 0.408
e 1 0 0 0.476
e 0 2 0 0.530
e 2 3 0 0.399
e 3 4 0 0.382
e 4 5 0 0.409
e 5 6 0 0.410
e 6 7 0 0.320
e 7 8 0 0.374
e 8 9 0 0.409
e 9 10 0 0.365
e 10 11 0 0.369
e 11 12 0 0.454
e 12 13 0 0.396
e 13 14 0 0.437
e 14 15 0 0.422
e 15 16 0 0.254
e 16 17 0 0.330
e 17 18 0 0.365
e 18 19 0 0.438
e 19 20 0 0.429
e 20 21 0 0.385
e 21 22 0 0.410
e 22 23 0 0.414
e 23 24 0 0.323
e 24 25 0 0.349
e 25 26 0 0.405
e 26 27 0 0.415
e 27 28 0 0.382
e 28 29 0 0.380
e 29 30 0 0.526
t # 75
v 0 1
v 1 4
v 2 2
v 3 0
v 4 2
v 5 3
v 6 0
v 7 2
v 8 5
v 9 2
v 10 1
v 11 0
v 12 1
v 13 4
v 14 6
v 15 8
v 16 7
v 17 1
v 18 4
v 19 4
v 20 6
v 21 0
e 0 1 0 0.374
e 1 2 0 0.312
e 2 3 0 0.438
e 3 4 0 0.379
e 4 5 0 0.408
e 5 6 0 0.389
e 6 7 0 0.453
e 7 8 0 0.429
e 8 9 0 0.436
e 9 10 0 0.388
e 10 11 0 0.414
e 11 12 0 0.495
e 12 13 0 0.486
e 13 14 0 0.357
e 14 15 0 0.437
e 15 16 0 0.405
e 16 17 0 0.388
e 17 18 0 0.402
e 18 19 0 0.457
e 19 20 0 0.388
e 20 21 0 0.407
t # 76
v 0 0
v 1 2
v 2 4
v 3 4
v 4 1
v 5 0
v 6 1
v 7 2
v 8 8
v 9 8
v 10 4
v 11 5
v 12 4
v 13 5
v 14 7
v 15 3
v 16 8
v 17 3
v 18 8
v 19 9
v 20 9
e 0 1 0 0.439
e 1 2 0 0.447
e 2 3 0 0.353
e 3 4 0 0.453
e 4 5 0 0.255
e 5 6 0 0.361
e 6 7 0 0.408
e 7 8 0 0.383
e 8 9 0 0.424
e 9 10 0 0.396
e 10 11 0 0.489
e 11 12 0 0.417
e 12 13 0 0.356
e 13 14 0 0.416
e 14 15 0 0.327
e 15 16 0 0.455
e 16 17 0 0.476
e 17 18 0 0.503
e 18 19 0 0.295
e 19 20 0 0.368
t # 77
v 0 1
v 1 4
v 2 3
v 3 2
v 4 1
v 5 0
v 6 5
v 7 3
v 8 2
v 9 0
v 10 2
v 11 3
v 12 0
v 13 2
v 14 6
v 15 1
v 16 1
v 17 6
v 18 6
e 0 1 0 0.411
e 1 2 0 0.410
e 2 3 0 0.393
e 3 4 0 0.509
e 4 5 0 0.459
e 5 6 0 0.458
e 6 7 0 0.360
e 7 8 0 0.373
e 8 9 0 0.361
e 9 10 0 0.400
e 10 9 0 0.418
e 9 10 0 0.365
e 10 11 0 0.344
e 11 12 0 0.455
e 12 13 0 0.430
e 13 14 0 0.392
e 14 15 0 0.422
e 15 16 0 0.515
e 16 17 0 0.392
e 17 18 0 0.382
t # 78
v 0 0
v 1 2
v 2 3
v 3 7
v 4 6
v 5 3
v 6 8
v 7 8
v 8 9
v 9 9
v 10 9
v 11 9
v 12 9
v 13 9
v 14 9
v 15 9
v 16 8
v 17 4
v 18 8
v 19 8
v 20 3
v 21 4
v 22 1
v 23 1
v 24 0
v 25 1
v 26 0
v 27 5
v 28 0
v 29 0
v 30 5
v 31 0
v 32 0
v 33 3
v 34 5
v 35 1
v 36 1
v 37 6
v 38 4
v 39 3
v 40 5
v 41 3
v 42 5
v 43 8
v 44 1
v 45 8
v 46 8
v 47 8
v 48 9
v 49 9
v 50 8
e 0 1 0 0.467
e 1 2 0 0.456
e 2 3 0 0.414
e 3 4 0 0.411
e 4 5 0 0.383
e 5 6 0 0.336
e 6 7 0 0.344
e 7 8 0 0.457
e 8 9 0 0.419
e 9 10 0 0.440
e 10 11 0 0.340
e 11 12 0 0.352
e 12 13 0 0.437
e 13 14 0 0.471
e 14 15 0 0.439
e 15 16 0 0.376
e 16 17 0 0.418
e 17 18 0 0.462
e 18 19 0 0.519
e 19 20 0 0.349
e 20 21 0 0.417
e 21 22 0 0.364
e 22 23 0 0.421
e 23 24 0 0.450
e 24 25 0 0.331
e 25 26 0 0.433
e 26 27 0 0.346
e 27 28 0 0.377
e 28 29 0 0.463
e 29 28 0 0.305
e 28 29 0 0.364
e 29 30 0 0.363
e 30 31 0 0.404
e 31 32 0 0.429
e 32 33 0 0.398
e 33 34 0 0.341
e 34 35 0 0.426
e 35 36 0 0.444
e 36 37 0 0.275
e 37 38 0 0.416
e 38 39 0 0.454
e 39 40 0 0.427
e 40 41 0 0.368
e 41 42 0 0.393
e 42 43 0 0.318
e 43 44 0 0.395
e 44 45 0 0.316
e 45 46 0 0.451
e 46 47 0 0.402
e 47 48 0 0.315
e 48 49 0 0.325
e 49 50 0 0.300
t # 79
v 0 7
v 1 6
v 2 1
v 3 3
v 4 6
v 5 8
v 6 9
v 7 9
v 8 9
v 9 8
v 10 7
v 11 7
v 12 4
v 13 4
v 14 6
v 15 7
v 16 2
v 17 0
v 18 0
v 19 5
v 20 4
v 21 3
v 22 5
v 23 1
v 24 0
e 0 1 0 0.428
e 1 2 0 0.433
e 2 3 0 0.354
e 3 4 0 0.287
e 4 5 0 0.393
e 5 6 0 0.431
e 6 7 0 0.439
e 7 8 0 0.549
e 8 9 0 0.382
e 9 10 0 0.398
e 10 11 0 0.419
e 11 12 0 0.465
e 12 13 0 0.403
e 13 14 0 0.337
e 14 15 0 0.425
e 15 16 0 0.352
e 16 17 0 0.464
e 17 18 0 0.367
e 18 19 0 0.402
e 19 20 0 0.369
e 20 21 0 0.334
e 21 22 0 0.419
e 22 23 0 0.387
e 23 24 0 0.405
t # 80
v 0 2
v 1 4
v 2 5
v 3 6
v 4 1
v 5 7
v 6 4
v 7 4
v 8 7
v 9 7
v 10 5
v 11 2
v 12 9
v 13 9
v 14 9
v 15 9
v 16 9
v 17 9
e 0 1 0 0.362
e 1 2 0 0.337
e 2 3 0 0.404
e 3 4 0 0.375
e 4 5 0 0.335
e 5 6 0 0.362
e 6 7 0 0.301
e 7 8 0 0.355
e 8 9 0 0.391
e 9 10 0 0.392
e 10 11 0 0.335
e 11 12 0 0.406
e 12 13 0 0.396
e 13 14 0 0.366
e 14 15 0 0.358
e 15 16 0 0.287
e 16 17 0 0.387
t # 81
v 0 0
v 1 0
v 2 2
v 3 4
v 4 7
v 5 7
v 6 6
v 7 5
v 8 9
v 9 9
v 10 9
v 11 9
v 12 9
v 13 9
v 14 9
v 15 9
v 16 9
v 17 8
v 18 9
v 19 9
v 20 9
v 21 9
v 22 9
v 23 1
v 24 9
v 25 9
v 26 8
v 27 0
v 28 2
v 29 8
v 30 5
v 31 3
v 32 0
v 33 0
v 34 0
e 0 1 0 0.402
e 1 2 0 0.375
e 2 3 0 0.493
e 3 4 0 0.416
e 4 5 0 0.424
e 5 6 0 0.447
e 6 7 0 0.390
e 7 8 0 0.477
e 8 9 0 0.249
e 9 10 0 0.348
e 10 11 0 0.407
e 11 12 0 0.392
e 12 13 0 0.484
e 13 14 0 0.324
e 14 15 0 0.454
e 15 16 0 0.405
e 16 17 0 0.297
e 17 18 0 0.337
e 18 19 0 0.327
e 19 20 0 0.425
e 20 21 0 0.359
e 21 22 0 0.432
e 22 23 0 0.377
e 23 24 0 0.406
e 24 25 0 0.348
e 25 26 0 0.483
e 26 27 0 0.364
e 27 28 0 0.377
e 28 29 0 0.443
e 29 30 0 0.462
e 30 31 0 0.338
e 31 32 0 0.365
e 32 33 0 0.271
e 33 34 0 0.316
e 34 33 0 0.407
t # 82
v 0 1
v 1 1
v 2 1
v 3 5
v 4 4
v 5 7
v 6 8
v 7 8
v 8 8
v 9 8
v 10 8
v 11 7
v 12 7
v 13 7
v 14 8
v 15 7
v 16 4
v 17 4
v 18 7
v 19 8
v 20 9
v 21 9
v 22 9
v 23 9
v 24 9
v 25 9
v 26 9
v 27 9
v 28 9
v 29 9
v 30 9
e 0 1 0 0.326
e 1 2 0 0.458
e 2 3 0 0.359
e 3 4 0 0.412
e 4 5 0 0.434
e 5 6 0 0.373
e 6 7 0 0.338
e 7 8 0 0.363
e 8 9 0 0.419
e 9 10 0 0.413
e 10 11 0 0.493
e 11 12 0 0.399
e 12 13 0 0.440
e 13 14 0 0.401
e 14 15 0 0.395
e 15 16 0 0.433
e 16 17 0 0.412
e 17 18 0 0.521
e 18 19 0 0.430
e 19 20 0 0.370
e 20 21 0 0.380
e 21 22 0 0.444
e 22 23 0 0.327
e 23 24 0 0.454
e 24 25 0 0.452
e 25 26 0 0.358
e 26 27 0 0.398
e 27 28 0 0.459
e 28 29 0 0.480
e 29 30 0 0.438
t # 83
v 0 2
v 1 5
v 2 5
v 3 4
v 4 4
v 5 8
v 6 8
v 7 7
v 8 7
v 9 9
v 10 9
v 11 5
v 12 6
v 13 8
v 14 8
v 15 8
v 16 8
v 17 7
v 18 6
v 19 6
v 20 8
v 21 5
v 22 4
v 23 6
v 24 7
v 25 2
v 26 3
v 27 4
v 28 4
v 29 2
v 30 4
v 31 3
v 32 7
v 33 5
v 34 0
v 35 0
v 36 0
v 37 4
v 38 5
v 39 6
v 40 6
e 0 1 0 0.486
e 1 2 0 0.406
e 2 3 0 0.430
e 3 4 0 0.399
e 4 5 0 0.431
e 5 6 0 0.379
e 6 7 0 0.412
e 7 8 0 0.354
e 8 9 0 0.405
e 9 10 0 0.377
e 10 11 0 0.372
e 11 12 0 0.497
e 12 13 0 0.387
e 13 14 0 0.450
e 14 15 0 0.449
e 15 16 0 0.400
e 16 17 0 0.425
e 17 18 0 0.369
e 18 19 0 0.439
e 19 20 0 0.428
e 20 21 0 0.298
e 21 22 0 0.391
e 22 23 0 0.354
e 23 24 0 0.400
e 24 25 0 0.467
e 25 26 0 0.424
e 26 27 0 0.385
e 27 28 0 0.372
e 28 29 0 0.363
e 29 30 0 0.378
e 30 31 0 0.421
e 31 32 0 0.260
e 32 33 0 0.413
e 33 34 0 0.345
e 34 35 0 0.402
e 35 36 0 0.417
e 36 35 0 0.325
e 35 37 0 0.386
e 37 38 0 0.335
e 38 39 0 0.413
e 39 40 0 0.455
t # 84
v 0 2
v 1 2
v 2 0
v 3 3
v 4 5
v 5 4
v 6 1
v 7 1
v 8 1
v 9 1
v 10 4
v 11 1
v 12 6
v 13 6
v 14 8
v 15 5
v 16 7
v 17 8
v 18 1
v 19 5
v 20 4
v 21 7
v 22 7
v 23 2
v 24 3
v 25 1
v 26 0
e 0 1 0 0.386
e 1 2 0 0.308
e 2 3 0 0.420
e 3 4 0 0.442
e 4 5 0 0.400
e 5 6 0 0.383
e 6 7 0 0.349
e 7 8 0 0.419
e 8 9 0 0.411
e 9 10 0 0.422
e 10 11 0 0.340
e 11 12 0 0.512
e 12 13 0 0.397
e 13 14 0 0.354
e 14 15 0 0.411
e 15 16 0 0.436
e 16 17 0 0.406
e 17 18 0 0.438
e 18 19 0 0.389
e 19 20 0 0.368
e 20 21 0 0.398
e 21 22 0 0.359
e 22 23 0 0.376
e 23 24 0 0.436
e 24 25 0 0.452
e 25 26 0 0.396
t # 85
v 0 1
v 1 2
v 2 1
v 3 0
v 4 2
v 5 3
v 6 2
v 7 4
v 8 6
v 9 9
v 10 5
v 11 3
v 12 6
v 13 0
v 14 3
v 15 6
v 16 8
v 17 8
v 18 8
v 19 5
v 20 6
v 21 6
v 22 6
v 23 4
v 24 6
v 25 6
v 26 8
v 27 7
v 28 7
v 29 8
v 30 8
v 31 6
v 32 2
v 33 2
v 34 2
e 0 1 0 0.385
e 1 2 0 0.445
e 2 3 0 0.384
e 3 4 0 0.403
e 4 5 0 0.472
e 5 6 0 0.332
e 6 7 0 0.383
e 7 8 0 0.292
e 8 9 0 0.275
e 9 10 0 0.372
e 10 11 0 0.345
e 11 12 0 0.476
e 12 13 0 0.305
e 13 14 0 0.439
e 14 15 0 0.379
e 15 16 0 0.399
e 16 17 0 0.428
e 17 18 0 0.311
e 18 19 0 0.418
e 19 20 0 0.438
e 20 21 0 0.331
e 21 22 0 0.343
e 22 23 0 0.425
e 23 24 0 0.511
e 24 25 0 0.394
e 25 26 0 0.335
e 26 27 0 0.477
e 27 28 0 0.388
e 28 29 0 0.427
e 29 30 0 0.359
e 30 31 0 0.436
e 31 32 0 0.378
e 32 33 0 0.441
e 33 34 0 0.391
t # 86
v 0 1
v 1 3
v 2 4
v 3 7
v 4 7
v 5 2
v 6 0
v 7 4
v 8 4
v 9 5
v 10 1
v 11 6
v 12 4
v 13 6
v 14 5
v 15 0
v 16 5
v 17 7
v 18 4
v 19 1
v 20 3
v 21 6
v 22 0
e 0 1 0 0.430
e 1 2 0 0.397
e 2 3 0 0.455
e 3 4 0 0.313
e 4 5 0 0.361
e 5 6 0 0.337
e 6 7 0 0.436
e 7 8 0 0.376
e 8 9 0 0.358
e 9 10 0 0.392
e 10 11 0 0.466
e 11 12 0 0.389
e 12 13 0 0.470
e 13 14 0 0.388
e 14 15 0 0.464
e 15 16 0 0.403
e 16 17 0 0.423
e 17 18 0 0.393
e 18 19 0 0.427
e 19 20 0 0.393
e 20 21 0 0.457
e 21 22 0 0.395
t # 87
v 0 5
v 1 2
v 2 1
v 3 3
v 4 0
v 5 1
v 6 1
v 7 4
v 8 3
v 9 4
v 10 2
v 11 6
v 12 1
v 13 7
v 14 6
v 15 0
v 16 1
v 17 6
v 18 8
v 19 7
v 20 3
v 21 8
v 22 3
v 23 1
v 24 5
v 25 7
v 26 9
v 27 7
v 28 9
v 29 8
v 30 8
v 31 3
v 32 2
v 33 3
v 34 3
v 35 2
v 36 0
e 0 1 0 0.469
e 1 2 0 0.453
e 2 3 0 0.426
e 3 4 0 0.329
e 4 5 0 0.335
e 5 6 0 0.443
e 6 3 0 0.410
e 3 7 0 0.411
e 7 8 0 0.332
e 8 9 0 0.417
e 9 10 0 0.378
e 10 11 0 0.397
e 11 12 0 0.390
e 12 13 0 0.385
e 13 14 0 0.405
e 14 15 0 0.354
e 15 16 0 0.487
e 16 17 0 0.368
e 17 18 0 0.359
e 18 19 0 0.390
e 19 20 0 0.396
e 20 21 0 0.450
e 21 22 0 0.362
e 22 23 0 0.368
e 23 24 0 0.368
e 24 25 0 0.448
e 25 26 0 0.544
e 26 27 0 0.429
e 27 28 0 0.456
e 28 29 0 0.373
e 29 30 0 0.438
e 30 31 0 0.469
e 31 32 0 0.459
e 32 33 0 0.435
e 33 34 0 0.351
e 34 35 0 0.413
e 35 36 0 0.471
t # 88
v 0 1
v 1 4
v 2 2
v 3 6
v 4 4
v 5 6
v 6 1
v 7 3
v 8 4
v 9 7
v 10 4
v 11 1
v 12 3
v 13 4
v 14 7
v 15 4
v 16 1
v 17 6
v 18 5
v 19 6
v 20 3
v 21 8
v 22 7
v 23 8
v 24 8
v 25 6
v 26 4
v 27 1
v 28 1
e 0 1 0 0.332
e 1 2 0 0.430
e 2 3 0 0.421
e 3 4 0 0.450
e 4 5 0 0.423
e 5 6 0 0.378
e 6 7 0 0.338
e 7 8 0 0.435
e 8 9 0 0.479
e 9 10 0 0.357
e 10 11 0 0.456
e 11 12 0 0.395
e 12 13 0 0.402
e 13 14 0 0.370
e 14 15 0 0.387
e 15 16 0 0.356
e 16 17 0 0.456
e 17 18 0 0.316
e 18 19 0 0.427
e 19 20 0 0.432
e 20 21 0 0.402
e 21 22 0 0.471
e 22 23 0 0.298
e 23 24 0 0.386
e 24 25 0 0.441
e 25 26 0 0.420
e 26 27 0 0.440
e 27 28 0 0.403
t # 89
v 0 2
v 1 3
v 2 3
v 3 5
v 4 2
v 5 1
v 6 1
v 7 3
v 8 3
v 9 3
v 10 1
v 11 0
v 12 0
v 13 5
v 14 4
v 15 2
v 16 3
v 17 1
v 18 3
v 19 1
v 20 2
v 21 2
v 22 0
v 23 0
v 24 3
v 25 1
v 26 2
e 0 1 0 0.314
e 1 2 0 0.411
e 2 3 0 0.395
e 3 4 0 0.467
e 4 5 0 0.297
e 5 6 0 0.422
e 6 7 0 0.425
e 7 8 0 0.380
e 8 9 0 0.437
e 9 10 0 0.369
e 10 11 0 0.401
e 11 12 0 0.358
e 12 13 0 0.410
e 13 14 0 0.445
e 14 15 0 0.360
e 15 16 0 0.474
e 16 17 0 0.400
e 17 18 0 0.297
e 18 19 0 0.463
e 19 20 0 0.388
e 20 21 0 0.463
e 21 22 0 0.408
e 22 23 0 0.404
e 23 24 0 0.390
e 24 25 0 0.338
e 25 26 0 0.288
t # 90
v 0 0
v 1 2
v 2 4
v 3 2
v 4 3
v 5 2
v 6 2
v 7 3
v 8 3
v 9 1
v 10 1
v 11 3
v 12 0
v 13 2
v 14 4
v 15 6
v 16 1
v 17 2
v 18 6
v 19 1
v 20 4
v 21 4
v 22 6
v 23 6
v 24 5
v 25 1
v 26 1
v 27 1
v 28 4
v 29 1
v 30 7
v 31 4
v 32 6
v 33 6
v 34 6
v 35 1
v 36 0
e 0 1 0 0.360
e 1 2 0 0.356
e 2 3 0 0.276
e 3 4 0 0.477
e 4 5 0 0.418
e 5 6 0 0.451
e 6 7 0 0.391
e 7 8 0 0.422
e 8 9 0 0.346
e 9 10 0 0.395
e 10 11 0 0.425
e 11 12 0 0.419
e 12 13 0 0.330
e 13 14 0 0.367
e 14 15 0 0.440
e 15 16 0 0.405
e 16 17 0 0.283
e 17 18 0 0.396
e 18 19 0 0.339
e 19 20 0 0.385
e 20 21 0 0.353
e 21 22 0 0.454
e 22 23 0 0.389
e 23 24 0 0.477
e 24 25 0 0.422
e 25 26 0 0.494
e 26 27 0 0.423
e 27 28 0 0.382
e 28 29 0 0.340
e 29 30 0 0.412
e 30 31 0 0.339
e 31 32 0 0.393
e 32 33 0 0.423
e 33 34 0 0.483
e 34 35 0 0.343
e 35 36 0 0.480
t # 91
v 0 0
v 1 1
v 2 0
v 3 3
v 4 2
v 5 6
v 6 7
v 7 4
v 8 6
v 9 8
v 10 5
v 11 6
v 12 8
v 13 8
v 14 9
v 15 9
v 16 9
v 17 9
v 18 7
v 19 1
v 20 7
v 21 9
v 22 9
v 23 9
v 24 9
v 25 9
v 26 9
v 27 9
e 0 1 0 0.445
e 1 2 0 0.470
e 2 3 0 0.453
e 3 4 0 0.419
e 4 5 0 0.336
e 5 6 0 0.431
e 6 7 0 0.385
e 7 8 0 0.262
e 8 9 0 0.323
e 9 10 0 0.494
e 10 11 0 0.381
e 11 12 0 0.321
e 12 13 0 0.452
e 13 14 0 0.414
e 14 15 0 0.404
e 15 16 0 0.294
e 16 17 0 0.368
e 17 18 0 0.438
e 18 19 0 0.322
e 19 20 0 0.393
e 20 21 0 0.401
e 21 22 0 0.425
e 22 23 0 0.423
e 23 24 0 0.460
e 24 25 0 0.407
e 25 26 0 0.408
e 26 27 0 0.399
t # 92
v 0 0
v 1 1
v 2 1
v 3 0
v 4 2
v 5 2
v 6 3
v 7 0
v 8 1
v 9 4
v 10 5
v 11 4
v 12 5
v 13 6
v 14 6
v 15 8
v 16 7
v 17 2
v 18 9
v 19 8
v 20 8
v 21 9
v 22 4
v 23 4
e 0 1 0 0.394
e 1 2 0 0.375
e 2 3 0 0.380
e 3 4 0 0.424
e 4 5 0 0.352
e 5 6 0 0.383
e 6 7 0 0.447
e 7 8 0 0.440
e 8 9 0 0.364
e 9 10 0 0.423
e 10 11 0 0.361
e 11 12 0 0.358
e 12 13 0 0.425
e 13 14 0 0.312
e 14 15 0 0.402
e 15 16 0 0.379
e 16 17 0 0.359
e 17 18 0 0.395
e 18 19 0 0.456
e 19 20 0 0.433
e 20 21 0 0.464
e 21 22 0 0.366
e 22 23 0 0.441
t # 93
v 0 0
v 1 3
v 2 4
v 3 6
v 4 3
v 5 1
v 6 3
v 7 2
v 8 0
v 9 1
v 10 2
v 11 9
v 12 6
v 13 3
v 14 4
v 15 7
v 16 6
v 17 1
v 18 0
v 19 6
v 20 4
v 21 0
v 22 2
v 23 3
v 24 2
v 25 4
e 0 1 0 0.410
e 1 2 0 0.461
e 2 3 0 0.377
e 3 4 0 0.443
e 4 5 0 0.347
e 5 6 0 0.238
e 6 7 0 0.318
e 7 8 0 0.374
e 8 9 0 0.375
e 9 10 0 0.427
e 10 11 0 0.423
e 11 12 0 0.464
e 12 13 0 0.411
e 13 14 0 0.366
e 14 15 0 0.384
e 15 16 0 0.450
e 16 17 0 0.385
e 17 18 0 0.414
e 18 19 0 0.407
e 19 20 0 0.389
e 20 21 0 0.436
e 21 22 0 0.349
e 22 23 0 0.367
e 23 24 0 0.387
e 24 25 0 0.345
t # 94
v 0 6
v 1 0
v 2 5
e 0 1 0 0.362
e 1 2 0 0.404
t # 95
v 0 0
v 1 0
v 2 4
v 3 0
v 4 1
v 5 1
v 6 3
v 7 7
v 8 9
v 9 9
v 10 8
v 11 9
v 12 9
e 0 1 0 0.371
e 1 2 0 0.383
e 2 3 0 0.355
e 3 4 0 0.448
e 4 5 0 0.311
e 5 6 0 0.415
e 6 7 0 0.444
e 7 8 0 0.423
e 8 9 0 0.408
e 9 10 0 0.338
e 10 11 0 0.311
e 11 12 0 0.384
t # 96
v 0 0
v 1 0
v 2 2
v 3 5
v 4 6
v 5 6
v 6 5
v 7 2
v 8 3
v 9 5
v 10 7
v 11 2
v 12 6
v 13 1
v 14 6
v 15 8
v 16 8
v 17 6
v 18 8
v 19 9
v 20 9
v 21 5
v 22 6
v 23 9
v 24 6
v 25 7
v 26 4
v 27 8
v 28 6
v 29 4
v 30 3
v 31 0
v 32 0
v 33 0
e 0 1 0 0.343
e 1 2 0 0.315
e 2 3 0 0.416
e 3 4 0 0.463
e 4 5 0 0.446
e 5 6 0 0.378
e 6 7 0 0.335
e 7 8 0 0.434
e 8 9 0 0.406
e 9 10 0 0.365
e 10 11 0 0.395
e 11 12 0 0.319
e 12 13 0 0.399
e 13 14 0 0.410
e 14 15 0 0.384
e 15 16 0 0.412
e 16 17 0 0.497
e 17 18 0 0.434
e 18 19 0 0.350
e 19 20 0 0.460
e 20 21 0 0.424
e 21 22 0 0.349
e 22 23 0 0.368
e 23 24 0 0.365
e 24 25 0 0.360
e 25 26 0 0.360
e 26 27 0 0.449
e 27 28 0 0.430
e 28 29 0 0.351
e 29 30 0 0.438
e 30 31 0 0.409
e 31 32 0 0.503
e 32 33 0 0.463
e 33 32 0 0.422
t # 97
v 0 0
v 1 1
v 2 4
v 3 2
v 4 0
v 5 4
v 6 1
v 7 4
v 8 5
v 9 4
v 10 7
v 11 7
v 12 1
v 13 4
v 14 6
v 15 9
v 16 7
v 17 6
v 18 1
v 19 3
v 20 1
v 21 1
v 22 1
v 23 0
v 24 0
v 25 3
v 26 2
v 27 8
v 28 8
v 29 8
v 30 7
v 31 4
v 32 9
v 33 9
v 34 9
e 0 1 0 0.399
e 1 2 0 0.450
e 2 3 0 0.387
e 3 4 0 0.475
e 4 5 0 0.398
e 5 6 0 0.381
e 6 7 0 0.327
e 7 8 0 0.349
e 8 9 0 0.393
e 9 10 0 0.424
e 10 11 0 0.384
e 11 12 0 0.389
e 12 13 0 0.494
e 13 14 0 0.420
e 14 15 0 0.442
e 15 16 0 0.351
e 16 17 0 0.455
e 17 18 0 0.436
e 18 19 0 0.460
e 19 20 0 0.326
e 20 21 0 0.338
e 21 22 0 0.382
e 22 23 0 0.356
e 23 24 0 0.415
e 24 25 0 0.448
e 25 26 0 0.401
e 26 27 0 0.427
e 27 28 0 0.374
e 28 29 0 0.374
e 29 30 0 0.364
e 30 31 0 0.395
e 31 32 0 0.467
e 32 33 0 0.452
e 33 34 0 0.316
t # 98
v 0 3
v 1 0
v 2 7
v 3 7
v 4 8
v 5 9
v 6 8
v 7 6
v 8 8
v 9 9
v 10 8
v 11 5
v 12 1
v 13 4
v 14 1
v 15 0
v 16 3
v 17 5
v 18 5
v 19 0
v 20 0
e 0 1 0 0.388
e 1 2 0 0.370
e 2 3 0 0.410
e 3 4 0 0.363
e 4 5 0 0.348
e 5 6 0 0.439
e 6 7 0 0.312
e 7 8 0 0.461
e 8 9 0 0.398
e 9 10 0 0.362
e 10 11 0 0.353
e 11 12 0 0.422
e 12 13 0 0.436
e 13 14 0 0.425
e 14 15 0 0.333
e 15 16 0 0.422
e 16 17 0 0.394
e 17 18 0 0.383
e 18 19 0 0.375
e 19 20 0 0.461
t # 99
v 0 1
v 1 0
v 2 3
v 3 5
v 4 5
v 5 1
v 6 4
v 7 4
v 8 6
v 9 7
v 10 6
v 11 5
v 12 1
v 13 0
v 14 3
v 15 4
v 16 5
v 17 3
v 18 0
v 19 1
v 20 7
v 21 4
v 22 6
v 23 7
v 24 3
v 25 0
v 26 5
v 27 6
v 28 6
v 29 4
v 30 1
v 31 0
e 0 1 0 0.410
e 1 2 0 0.309
e 2 3 0 0.405
e 3 4 0 0.376
e 4 5 0 0.425
e 5 6 0 0.331
e 6 7 0 0.409
e 7 8 0 0.340
e 8 9 0 0.295
e 9 10 0 0.344
e 10 11 0 0.412
e 11 12 0 0.467
e 12 13 0 0.415
e 13 14 0 0.357
e 14 15 0 0.434
e 15 16 0 0.261
e 16 17 0 0.384
e 17 18 0 0.444
e 18 19 0 0.275
e 19 20 0 0.340
e 20 21 0 0.419
e 21 22 0 0.506
e 22 23 0 0.474
e 23 24 0 0.527
e 24 25 0 0.453
e 25 26 0 0.363
e 26 27 0 0.290
e 27 28 0 0.399
e 28 29 0 0.446
e 29 30 0 0.390
e 30 31 0 0.417
t # 100
v 0 1
v 1 3
v 2 9
v 3 5
v 4 4
v 5 4
v 6 6
v 7 6
v 8 7
v 9 8
v 10 8
v 11 8
v 12 7
v 13 8
v 14 4
v 15 7
v 16 7
v 17 8
v 18 0
e 0 1 0 0.364
e 1 2 0 0.420
e 2 3 0 0.476
e 3 4 0 0.336
e 4 5 0 0.439
e 5 6 0 0.398
e 6 7 0 0.467
e 7 8 0 0.346
e 8 9 0 0.422
e 9 10 0 0.407
e 10 11 0 0.447
e 11 12 0 0.428
e 12 13 0 0.380
e 13 14 0 0.380
e 14 15 0 0.347
e 15 16 0 0.412
e 16 17 0 0.425
e 17 18 0 0.395
t # 101
v 0 0
v 1 0
v 2 1
v 3 2
v 4 2
v 5 3
v 6 0
v 7 3
v 8 1
v 9 1
v 10 2
v 11 1
v 12 0
v 13 3
v 14 6
v 15 5
v 16 3
v 17 0
v 18 1
v 19 4
v 20 6
v 21 7
v 22 9
v 23 7
v 24 6
v 25 7
v 26 6
v 27 2
v 28 6
v 29 7
v 30 8
v 31 9
v 32 9
v 33 9
v 34 9
v 35 9
v 36 8
v 37 8
v 38 7
v 39 4
v 40 8
v 41 9
v 42 9
v 43 9
v 44 9
v 45 8
v 46 9
e 0 1 0 0.409
e 1 2 0 0.356
e 2 3 0 0.366
e 3 4 0 0.427
e 4 5 0 0.409
e 5 6 0 0.512
e 6 7 0 0.375
e 7 8 0 0.423
e 8 9 0 0.365
e 9 10 0 0.441
e 10 11 0 0.447
e 11 12 0 0.442
e 12 13 0 0.360
e 13 14 0 0.417
e 14 15 0 0.405
e 15 16 0 0.401
e 16 17 0 0.438
e 17 18 0 0.421
e 18 19 0 0.376
e 19 20 0 0.369
e 20 21 0 0.413
e 21 22 0 0.476
e 22 23 0 0.359
e 23 24 0 0.406
e 24 25 0 0.426
e 25 26 0 0.397
e 26 27 0 0.449
e 27 28 0 0.371
e 28 29 0 0.398
e 29 30 0 0.400
e 30 31 0 0.323
e 31 32 0 0.380
e 32 33 0 0.448
e 33 34 0 0.327
e 34 35 0 0.403
e 35 36 0 0.378
e 36 37 0 0.461
e 37 38 0 0.361
e 38 39 0 0.401
e 39 40 0 0.335
e 40 41 0 0.433
e 41 42 0 0.411
e 42 43 0 0.446
e 43 44 0 0.468
e 44 45 0 0.387
e 45 46 0 0.424
t # 102
v 0 3
v 1 7
v 2 8
v 3 8
v 4 8
v 5 8
v 6 9
v 7 9
v 8 8
v 9 7
v 10 8
v 11 8
v 12 8
v 13 8
v 14 8
v 15 9
v 16 9
v 17 8
v 18 9
v 19 7
v 20 8
v 21 9
v 22 9
v 23 8
e 0 1 0 0.338
e 1 2 0 0.389
e 2 3 0 0.386
e 3 4 0 0.366
e 4 5 0 0.402
e 5 6 0 0.415
e 6 7 0 0.349
e 7 8 0 0.330
e 8 9 0 0.502
e 9 10 0 0.396
e 10 11 0 0.373
e 11 12 0 0.383
e 12 13 0 0.335
e 13 14 0 0.455
e 14 15 0 0.395
e 15 16 0 0.393
e 16 17 0 0.383
e 17 18 0 0.399
e 18 19 0 0.431
e 19 20 0 0.451
e 20 21 0 0.398
e 21 22 0 0.459
e 22 23 0 0.433
t # 103
v 0 2
v 1 6
v 2 6
v 3 4
v 4 4
v 5 2
v 6 5
v 7 3
v 8 4
v 9 1
v 10 2
v 11 5
v 12 1
v 13 7
v 14 4
v 15 4
v 16 4
v 17 4
v 18 3
v 19 5
v 20 1
v 21 0
e 0 1 0 0.452
e 1 2 0 0.345
e 2 3 0 0.357
e 3 4 0 0.347
e 4 5 0 0.412
e 5 6 0 0.347
e 6 7 0 0.373
e 7 8 0 0.337
e 8 9 0 0.466
e 9 10 0 0.350
e 10 11 0 0.432
e 11 12 0 0.401
e 12 13 0 0.410
e 13 14 0 0.399
e 14 15 0 0.463
e 15 16 0 0.380
e 16 17 0 0.438
e 17 18 0 0.322
e 18 19 0 0.356
e 19 20 0 0.371
e 20 21 0 0.453
t # 104
v 0 0
v 1 2
v 2 6
v 3 5
v 4 3
v 5 0
v 6 5
v 7 5
v 8 4
v 9 6
v 10 7
v 11 5
v 12 0
v 13 1
v 14 2
v 15 1
v 16 2
v 17 2
v 18 1
v 19 1
v 20 3
v 21 2
v 22 3
v 23 1
v 24 3
v 25 3
v 26 3
v 27 4
v 28 8
v 29 5
v 30 1
v 31 3
v 32 5
v 33 4
v 34 2
v 35 0
v 36 2
v 37 0
e 0 1 0 0.346
e 1 2 0 0.323
e 2 3 0 0.339
e 3 4 0 0.411
e 4 5 0 0.351
e 5 6 0 0.495
e 6 7 0 0.315
e 7 8 0 0.278
e 8 9 0 0.339
e 9 10 0 0.403
e 10 11 0 0.442
e 11 12 0 0.467
e 12 13 0 0.457
e 13 14 0 0.417
e 14 15 0 0.361
e 15 16 0 0.394
e 16 17 0 0.450
e 17 18 0 0.351
e 18 19 0 0.352
e 19 20 0 0.545
e 20 21 0 0.414
e 21 22 0 0.384
e 22 23 0 0.403
e 23 24 0 0.444
e 24 25 0 0.474
e 25 26 0 0.380
e 26 27 0 0.421
e 27 28 0 0.460
e 28 29 0 0.388
e 29 30 0 0.379
e 30 31 0 0.494
e 31 32 0 0.351
e 32 33 0 0.408
e 33 34 0 0.430
e 34 35 0 0.380
e 35 36 0 0.410
e 36 37 0 0.420
t # 105
v 0 0
v 1 0
e 0 1 0 0.382
