t # 0
v 0 1
v 1 4
v 2 2
v 3 3
v 4 0
v 5 1
v 6 5
v 7 6
v 8 7
v 9 6
v 10 7
v 11 4
v 12 2
v 13 7
v 14 6
v 15 8
v 16 8
v 17 4
v 18 9
v 19 9
v 20 9
v 21 9
e 0 1 0 0.035
e 1 2 0 0.153
e 2 3 0 0.062
e 3 4 0 0.284
e 4 5 0 0.682
e 5 6 0 0.183
e 6 7 0 0.009
e 7 8 0 0.189
e 8 9 0 0.002
e 9 10 0 0.017
e 10 11 0 0.290
e 11 12 0 0.666
e 12 13 0 0.187
e 13 14 0 0.265
e 14 15 0 0.302
e 15 16 0 0.359
e 16 17 0 0.012
e 17 18 0 0.099
e 18 19 0 0.353
e 19 20 0 0.114
e 20 21 0 0.999
t # 1
v 0 1
v 1 5
v 2 4
v 3 5
v 4 1
v 5 3
v 6 2
v 7 5
v 8 7
v 9 2
v 10 3
v 11 6
v 12 2
v 13 5
v 14 5
v 15 6
v 16 1
v 17 3
v 18 6
v 19 7
v 20 5
v 21 6
v 22 5
v 23 5
v 24 5
v 25 7
v 26 6
v 27 3
v 28 0
e 0 1 0 0.350
e 1 2 0 0.019
e 2 3 0 0.540
e 3 4 0 0.143
e 4 5 0 0.162
e 5 6 0 0.080
e 6 7 0 0.046
e 7 8 0 0.570
e 8 9 0 0.016
e 9 10 0 0.176
e 10 11 0 0.096
e 11 12 0 0.170
e 12 13 0 0.024
e 13 14 0 0.019
e 14 15 0 0.121
e 15 16 0 0.613
e 16 17 0 0.156
e 17 18 0 0.013
e 18 19 0 0.368
e 19 20 0 0.033
e 20 21 0 0.292
e 21 22 0 0.248
e 22 23 0 0.323
e 23 24 0 0.549
e 24 25 0 0.091
e 25 26 0 0.180
e 26 27 0 0.468
e 27 28 0 0.461
t # 2
v 0 0
v 1 3
v 2 1
v 3 1
v 4 0
v 5 3
v 6 5
v 7 6
v 8 6
v 9 6
v 10 1
v 11 1
v 12 1
v 13 3
v 14 0
v 15 0
v 16 3
v 17 2
v 18 5
v 19 2
v 20 2
v 21 1
v 22 1
v 23 4
v 24 9
v 25 2
v 26 1
v 27 3
v 28 1
v 29 0
v 30 0
v 31 0
v 32 3
v 33 3
v 34 1
v 35 3
v 36 2
v 37 0
v 38 3
v 39 2
v 40 3
v 41 3
v 42 3
v 43 2
v 44 5
v 45 6
v 46 4
v 47 6
v 48 5
v 49 2
v 50 0
v 51 4
v 52 4
v 53 2
v 54 2
v 55 4
v 56 4
v 57 1
v 58 0
e 0 1 0 0.134
e 1 2 0 0.158
e 2 3 0 0.049
e 3 4 0 0.212
e 4 5 0 0.008
e 5 6 0 0.173
e 6 7 0 0.345
e 7 8 0 0.554
e 8 9 0 0.461
e 9 10 0 0.060
e 10 11 0 0.035
e 11 12 0 0.080
e 12 13 0 0.134
e 13 14 0 0.309
e 14 15 0 0.069
e 15 16 0 0.096
e 16 17 0 0.264
e 17 18 0 0.286
e 18 19 0 0.123
e 19 20 0 0.040
e 20 21 0 0.467
e 21 22 0 0.778
e 22 23 0 0.040
e 23 24 0 0.131
e 24 25 0 0.208
e 25 26 0 0.168
e 26 27 0 0.812
e 27 28 0 0.056
e 28 29 0 0.248
e 29 30 0 0.263
e 30 31 0 0.406
e 31 32 0 0.162
e 32 33 0 0.057
e 33 34 0 0.580
e 34 35 0 0.038
e 35 36 0 0.132
e 36 37 0 0.542
e 37 38 0 0.044
e 38 39 0 0.114
e 39 40 0 0.036
e 40 41 0 0.152
e 41 42 0 0.151
e 42 43 0 0.671
e 43 44 0 0.061
e 44 45 0 0.599
e 45 46 0 0.493
e 46 47 0 0.176
e 47 48 0 0.425
e 48 49 0 0.155
e 49 50 0 0.250
e 50 51 0 0.435
e 51 52 0 0.303
e 52 53 0 0.772
e 53 54 0 0.085
e 54 55 0 0.181
e 55 56 0 0.134
e 56 57 0 0.523
e 57 58 0 0.327
t # 3
v 0 1
v 1 5
v 2 6
v 3 7
v 4 7
v 5 4
v 6 6
v 7 5
v 8 3
v 9 6
v 10 5
v 11 6
v 12 5
v 13 4
v 14 1
v 15 4
v 16 2
v 17 2
v 18 1
v 19 0
e 0 1 0 0.314
e 1 2 0 0.306
e 2 3 0 0.005
e 3 4 0 0.186
e 4 5 0 0.017
e 5 6 0 0.168
e 6 7 0 0.286
e 7 8 0 0.621
e 8 9 0 0.552
e 9 10 0 0.037
e 10 11 0 0.999
e 11 12 0 0.148
e 12 13 0 0.181
e 13 14 0 0.145
e 14 15 0 0.411
e 15 16 0 0.059
e 16 17 0 0.042
e 17 18 0 0.240
e 18 19 0 0.000
t # 4
v 0 1
v 1 0
v 2 1
v 3 0
v 4 5
v 5 7
v 6 7
v 7 0
v 8 5
v 9 8
v 10 6
v 11 3
v 12 0
v 13 4
v 14 3
v 15 6
v 16 3
v 17 2
v 18 1
v 19 6
v 20 1
v 21 3
v 22 8
v 23 6
v 24 6
e 0 1 0 0.325
e 1 2 0 0.135
e 2 3 0 0.285
e 3 4 0 0.453
e 4 5 0 0.441
e 5 6 0 0.021
e 6 7 0 0.248
e 7 8 0 0.060
e 8 9 0 0.123
e 9 10 0 0.737
e 10 11 0 0.078
e 11 12 0 0.084
e 12 13 0 0.383
e 13 14 0 0.083
e 14 15 0 0.003
e 15 16 0 0.999
e 16 17 0 0.428
e 17 18 0 0.127
e 18 19 0 0.049
e 19 20 0 0.043
e 20 21 0 0.074
e 21 22 0 0.027
e 22 23 0 0.252
e 23 24 0 0.396
t # 5
v 0 2
v 1 4
v 2 4
v 3 3
v 4 4
v 5 4
v 6 5
v 7 4
v 8 3
v 9 0
v 10 0
e 0 1 0 0.350
e 1 2 0 0.251
e 2 3 0 0.228
e 3 4 0 0.096
e 4 5 0 0.031
e 5 6 0 0.187
e 6 7 0 0.222
e 7 8 0 0.303
e 8 9 0 0.044
e 9 10 0 0.492
t # 6
v 0 1
v 1 4
v 2 0
v 3 6
v 4 8
v 5 8
v 6 5
v 7 0
v 8 7
v 9 6
v 10 8
v 11 9
v 12 8
v 13 0
v 14 3
v 15 2
v 16 5
v 17 5
v 18 2
v 19 1
v 20 0
e 0 1 0 0.203
e 1 2 0 0.095
e 2 3 0 0.188
e 3 4 0 0.222
e 4 5 0 0.141
e 5 6 0 0.116
e 6 7 0 0.148
e 7 8 0 0.123
e 8 9 0 0.020
e 9 10 0 0.073
e 10 11 0 0.282
e 11 12 0 0.326
e 12 13 0 0.724
e 13 14 0 0.704
e 14 15 0 0.154
e 15 16 0 0.271
e 16 17 0 0.233
e 17 18 0 0.041
e 18 19 0 0.105
e 19 20 0 0.185
t # 7
v 0 1
v 1 5
v 2 2
v 3 0
v 4 4
v 5 0
v 6 3
v 7 5
v 8 2
v 9 0
v 10 0
v 11 6
v 12 7
v 13 7
v 14 9
v 15 7
v 16 7
v 17 7
v 18 8
v 19 9
v 20 9
v 21 9
v 22 9
v 23 9
v 24 9
v 25 7
v 26 9
v 27 9
v 28 9
v 29 9
v 30 9
v 31 9
e 0 1 0 0.004
e 1 2 0 0.257
e 2 3 0 0.625
e 3 4 0 0.877
e 4 5 0 0.464
e 5 6 0 0.152
e 6 7 0 0.006
e 7 8 0 0.307
e 8 9 0 0.143
e 9 10 0 0.348
e 10 9 0 0.297
e 9 11 0 0.350
e 11 12 0 0.001
e 12 13 0 0.021
e 13 14 0 0.584
e 14 15 0 0.343
e 15 16 0 0.002
e 16 17 0 0.183
e 17 18 0 0.196
e 18 19 0 0.061
e 19 20 0 0.246
e 20 21 0 0.309
e 21 22 0 0.082
e 22 23 0 0.116
e 23 24 0 0.093
e 24 25 0 0.027
e 25 26 0 0.374
e 26 27 0 0.014
e 27 28 0 0.044
e 28 29 0 0.088
e 29 30 0 0.162
e 30 31 0 0.183
t # 8
v 0 0
v 1 4
v 2 5
v 3 7
v 4 6
v 5 8
v 6 6
v 7 7
v 8 3
v 9 4
v 10 5
v 11 7
v 12 3
v 13 6
v 14 8
v 15 9
v 16 8
v 17 6
v 18 8
v 19 9
v 20 8
v 21 6
v 22 8
v 23 8
v 24 7
v 25 0
v 26 4
v 27 4
v 28 2
v 29 0
e 0 1 0 0.041
e 1 2 0 0.448
e 2 3 0 0.216
e 3 4 0 0.101
e 4 5 0 0.999
e 5 6 0 0.000
e 6 7 0 0.007
e 7 8 0 0.168
e 8 9 0 0.336
e 9 10 0 0.192
e 10 11 0 0.033
e 11 12 0 0.052
e 12 13 0 0.238
e 13 14 0 0.034
e 14 15 0 0.770
e 15 16 0 0.455
e 16 17 0 0.075
e 17 18 0 0.138
e 18 19 0 0.570
e 19 20 0 0.357
e 20 21 0 0.150
e 21 22 0 0.274
e 22 23 0 0.059
e 23 24 0 0.198
e 24 25 0 0.048
e 25 26 0 0.141
e 26 27 0 0.291
e 27 28 0 0.452
e 28 29 0 0.906
t # 9
v 0 0
v 1 1
v 2 3
v 3 3
v 4 3
v 5 1
v 6 2
v 7 6
v 8 3
v 9 2
v 10 4
v 11 4
v 12 6
v 13 3
v 14 1
v 15 1
v 16 0
e 0 1 0 0.021
e 1 2 0 0.367
e 2 3 0 0.072
e 3 4 0 0.366
e 4 5 0 0.346
e 5 6 0 0.286
e 6 7 0 0.009
e 7 8 0 0.063
e 8 9 0 0.264
e 9 10 0 0.116
e 10 11 0 0.067
e 11 12 0 0.045
e 12 13 0 0.044
e 13 14 0 0.271
e 14 15 0 0.745
e 15 16 0 0.243
t # 10
v 0 0
v 1 2
v 2 4
v 3 5
v 4 3
v 5 5
v 6 8
v 7 9
v 8 9
v 9 9
v 10 9
v 11 9
v 12 9
v 13 9
e 0 1 0 0.005
e 1 2 0 0.320
e 2 3 0 0.014
e 3 4 0 0.183
e 4 5 0 0.017
e 5 6 0 0.945
e 6 7 0 0.100
e 7 8 0 0.340
e 8 9 0 0.047
e 9 10 0 0.702
e 10 11 0 0.074
e 11 12 0 0.033
e 12 13 0 0.044
t # 11
v 0 3
v 1 3
v 2 0
v 3 6
v 4 7
v 5 7
v 6 7
v 7 7
v 8 0
v 9 0
v 10 5
v 11 7
v 12 2
v 13 3
v 14 1
v 15 7
v 16 7
v 17 1
v 18 0
e 0 1 0 0.028
e 1 2 0 0.115
e 2 3 0 0.099
e 3 4 0 0.215
e 4 5 0 0.355
e 5 6 0 0.301
e 6 7 0 0.684
e 7 8 0 0.112
e 8 9 0 0.152
e 9 10 0 0.069
e 10 11 0 0.137
e 11 12 0 0.086
e 12 13 0 0.061
e 13 14 0 0.187
e 14 15 0 0.498
e 15 16 0 0.311
e 16 17 0 0.121
e 17 18 0 0.154
t # 12
v 0 9
v 1 8
v 2 8
v 3 7
v 4 4
v 5 4
v 6 2
v 7 5
v 8 2
v 9 1
v 10 3
v 11 8
v 12 4
v 13 4
v 14 2
v 15 3
v 16 3
v 17 2
v 18 1
v 19 2
v 20 1
v 21 0
v 22 3
v 23 3
v 24 2
v 25 3
v 26 2
v 27 4
v 28 3
v 29 4
v 30 8
v 31 5
v 32 7
v 33 3
v 34 2
v 35 6
v 36 2
v 37 8
v 38 9
v 39 9
v 40 8
v 41 8
v 42 9
v 43 9
v 44 9
v 45 9
e 0 1 0 0.397
e 1 2 0 0.001
e 2 3 0 0.273
e 3 4 0 0.052
e 4 5 0 0.036
e 5 6 0 0.730
e 6 7 0 0.233
e 7 8 0 0.107
e 8 9 0 0.178
e 9 10 0 0.449
e 10 11 0 0.100
e 11 12 0 0.250
e 12 13 0 0.011
e 13 14 0 0.364
e 14 15 0 0.183
e 15 16 0 0.062
e 16 17 0 0.023
e 17 18 0 0.306
e 18 19 0 0.076
e 19 20 0 0.119
e 20 21 0 0.066
e 21 20 0 0.158
e 20 22 0 0.946
e 22 23 0 0.009
e 23 24 0 0.008
e 24 25 0 0.224
e 25 26 0 0.100
e 26 27 0 0.192
e 27 28 0 0.129
e 28 29 0 0.852
e 29 30 0 0.505
e 30 31 0 0.040
e 31 32 0 0.255
e 32 33 0 0.672
e 33 34 0 0.422
e 34 35 0 0.213
e 35 36 0 0.726
e 36 37 0 0.042
e 37 38 0 0.105
e 38 39 0 0.025
e 39 40 0 0.006
e 40 41 0 0.486
e 41 42 0 0.281
e 42 43 0 0.300
e 43 44 0 0.053
e 44 45 0 0.106
t # 13
v 0 0
v 1 5
v 2 6
v 3 7
v 4 7
v 5 8
v 6 8
v 7 8
v 8 8
v 9 8
v 10 3
v 11 2
v 12 5
v 13 1
v 14 1
v 15 3
v 16 5
v 17 7
v 18 5
v 19 2
v 20 1
v 21 3
v 22 0
v 23 2
v 24 2
v 25 3
v 26 1
v 27 2
v 28 1
v 29 0
v 30 0
v 31 0
e 0 1 0 0.038
e 1 2 0 0.063
e 2 3 0 0.220
e 3 4 0 0.007
e 4 5 0 0.359
e 5 6 0 0.020
e 6 7 0 0.649
e 7 8 0 0.141
e 8 9 0 0.445
e 9 10 0 0.230
e 10 11 0 0.183
e 11 12 0 0.044
e 12 13 0 0.214
e 13 14 0 0.190
e 14 15 0 0.275
e 15 16 0 0.199
e 16 17 0 0.276
e 17 18 0 0.212
e 18 19 0 0.146
e 19 20 0 0.174
e 20 21 0 0.008
e 21 22 0 0.185
e 22 23 0 0.009
e 23 24 0 0.028
e 24 25 0 0.201
e 25 26 0 0.236
e 26 27 0 0.370
e 27 28 0 0.167
e 28 29 0 0.299
e 29 30 0 0.167
e 30 31 0 0.310
t # 14
v 0 4
v 1 7
v 2 0
v 3 6
v 4 6
v 5 7
v 6 7
v 7 5
v 8 7
v 9 8
v 10 7
v 11 2
v 12 7
v 13 9
v 14 8
v 15 8
v 16 9
v 17 8
v 18 8
v 19 8
v 20 8
v 21 8
v 22 8
v 23 7
v 24 7
v 25 8
v 26 9
v 27 8
v 28 9
v 29 6
v 30 7
v 31 7
v 32 3
v 33 6
v 34 6
v 35 3
v 36 4
v 37 4
v 38 3
v 39 2
v 40 1
v 41 0
v 42 2
v 43 6
v 44 5
v 45 6
e 0 1 0 0.081
e 1 2 0 0.082
e 2 3 0 0.189
e 3 4 0 0.067
e 4 5 0 0.228
e 5 6 0 0.632
e 6 7 0 0.430
e 7 8 0 0.065
e 8 9 0 0.574
e 9 10 0 0.264
e 10 11 0 0.687
e 11 12 0 0.489
e 12 13 0 0.761
e 13 14 0 0.033
e 14 15 0 0.303
e 15 16 0 0.028
e 16 17 0 0.026
e 17 18 0 0.106
e 18 19 0 0.354
e 19 20 0 0.100
e 20 21 0 0.213
e 21 22 0 0.057
e 22 23 0 0.916
e 23 24 0 0.169
e 24 25 0 0.409
e 25 26 0 0.043
e 26 27 0 0.040
e 27 28 0 0.120
e 28 29 0 0.138
e 29 30 0 0.263
e 30 31 0 0.016
e 31 32 0 0.570
e 32 33 0 0.579
e 33 34 0 0.047
e 34 35 0 0.008
e 35 36 0 0.185
e 36 37 0 0.081
e 37 38 0 0.221
e 38 39 0 0.418
e 39 40 0 0.703
e 40 41 0 0.217
e 41 42 0 0.532
e 42 39 0 0.053
e 39 38 0 0.317
e 38 43 0 0.019
e 43 44 0 0.528
e 44 45 0 0.024
e 45 33 0 0.135
t # 15
v 0 1
v 1 3
v 2 6
v 3 1
v 4 5
v 5 7
v 6 6
v 7 5
v 8 5
v 9 3
v 10 5
v 11 7
v 12 7
v 13 5
v 14 2
v 15 4
v 16 7
v 17 6
v 18 0
v 19 1
v 20 7
v 21 7
v 22 4
v 23 0
e 0 1 0 0.281
e 1 2 0 0.419
e 2 3 0 0.367
e 3 4 0 0.567
e 4 5 0 0.167
e 5 6 0 0.118
e 6 7 0 0.291
e 7 8 0 0.020
e 8 9 0 0.162
e 9 10 0 0.068
e 10 11 0 0.931
e 11 12 0 0.286
e 12 13 0 0.113
e 13 14 0 0.395
e 14 15 0 0.019
e 15 16 0 0.165
e 16 17 0 0.173
e 17 18 0 0.675
e 18 19 0 0.040
e 19 20 0 0.021
e 20 21 0 0.131
e 21 22 0 0.825
e 22 23 0 0.055
t # 16
v 0 0
v 1 2
v 2 6
v 3 1
v 4 2
v 5 5
v 6 3
v 7 1
v 8 4
v 9 2
v 10 5
v 11 5
v 12 0
v 13 1
v 14 8
v 15 7
v 16 7
v 17 5
v 18 2
v 19 5
v 20 1
v 21 0
v 22 5
v 23 2
v 24 3
v 25 0
v 26 3
v 27 4
v 28 2
v 29 4
v 30 2
v 31 0
v 32 3
v 33 0
v 34 2
v 35 3
v 36 2
v 37 3
v 38 5
v 39 5
v 40 5
v 41 8
v 42 6
v 43 1
v 44 6
v 45 6
v 46 6
v 47 7
v 48 2
v 49 4
v 50 5
v 51 6
v 52 7
v 53 3
v 54 6
v 55 7
v 56 2
v 57 7
v 58 6
v 59 5
v 60 7
v 61 2
v 62 5
v 63 5
v 64 2
v 65 0
v 66 3
v 67 7
v 68 2
v 69 1
v 70 2
v 71 1
v 72 0
v 73 0
v 74 2
v 75 3
v 76 2
v 77 2
e 0 1 0 0.055
e 1 2 0 0.214
e 2 3 0 0.220
e 3 4 0 0.115
e 4 5 0 0.229
e 5 6 0 0.040
e 6 7 0 0.999
e 7 8 0 0.129
e 8 9 0 0.428
e 9 10 0 0.117
e 10 11 0 0.163
e 11 12 0 0.260
e 12 13 0 0.401
e 13 14 0 0.111
e 14 15 0 0.102
e 15 16 0 0.039
e 16 17 0 0.275
e 17 18 0 0.094
e 18 19 0 0.230
e 19 20 0 0.634
e 20 21 0 0.182
e 21 22 0 0.077
e 22 23 0 0.448
e 23 24 0 0.252
e 24 25 0 0.153
e 25 26 0 0.042
e 26 13 0 0.274
e 13 27 0 0.396
e 27 28 0 0.085
e 28 29 0 0.097
e 29 30 0 0.317
e 30 31 0 0.066
e 31 32 0 0.117
e 32 33 0 0.019
e 33 34 0 0.209
e 34 35 0 0.137
e 35 36 0 0.087
e 36 37 0 0.111
e 37 38 0 0.223
e 38 39 0 0.155
e 39 40 0 0.723
e 40 41 0 0.013
e 41 42 0 0.227
e 42 43 0 0.499
e 43 44 0 0.028
e 44 45 0 0.448
e 45 46 0 0.269
e 46 47 0 0.005
e 47 48 0 0.054
e 48 49 0 0.185
e 49 50 0 0.318
e 50 51 0 0.454
e 51 52 0 0.270
e 52 53 0 0.258
e 53 54 0 0.191
e 54 55 0 0.098
e 55 56 0 0.146
e 56 57 0 0.081
e 57 58 0 0.031
e 58 59 0 0.453
e 59 60 0 0.101
e 60 61 0 0.192
e 61 62 0 0.664
e 62 63 0 0.070
e 63 64 0 0.227
e 64 65 0 0.071
e 65 66 0 0.055
e 66 67 0 0.452
e 67 62 0 0.244
e 62 68 0 0.278
e 68 69 0 0.513
e 69 70 0 0.031
e 70 71 0 0.282
e 71 72 0 0.152
e 72 73 0 0.008
e 73 74 0 0.483
e 74 75 0 0.271
e 75 76 0 0.015
e 76 77 0 0.082
t # 17
v 0 0
v 1 3
v 2 2
v 3 7
v 4 7
v 5 8
v 6 8
v 7 5
v 8 5
v 9 4
v 10 7
v 11 7
v 12 4
v 13 2
v 14 6
v 15 5
v 16 3
v 17 5
v 18 0
e 0 1 0 0.049
e 1 2 0 0.569
e 2 3 0 0.225
e 3 4 0 0.294
e 4 5 0 0.211
e 5 6 0 0.143
e 6 7 0 0.057
e 7 8 0 0.080
e 8 9 0 0.070
e 9 10 0 0.162
e 10 11 0 0.814
e 11 12 0 0.061
e 12 13 0 0.381
e 13 14 0 0.805
e 14 15 0 0.213
e 15 16 0 0.035
e 16 17 0 0.174
e 17 18 0 0.176
t # 18
v 0 1
v 1 1
v 2 4
v 3 0
v 4 0
v 5 3
v 6 4
v 7 5
v 8 2
v 9 1
v 10 8
v 11 4
v 12 7
v 13 6
v 14 5
v 15 8
v 16 6
v 17 1
e 0 1 0 0.032
e 1 2 0 0.276
e 2 3 0 0.122
e 3 4 0 0.445
e 4 5 0 0.033
e 5 6 0 0.261
e 6 7 0 0.472
e 7 8 0 0.028
e 8 9 0 0.112
e 9 10 0 0.318
e 10 11 0 0.217
e 11 12 0 0.043
e 12 13 0 0.046
e 13 14 0 0.278
e 14 15 0 0.544
e 15 16 0 0.105
e 16 17 0 0.301
t # 19
v 0 0
v 1 0
v 2 1
v 3 1
v 4 1
v 5 2
v 6 2
v 7 3
v 8 5
v 9 3
v 10 1
v 11 2
v 12 1
v 13 4
v 14 5
v 15 5
v 16 1
v 17 1
v 18 0
v 19 5
v 20 1
v 21 0
v 22 5
v 23 7
v 24 6
v 25 3
v 26 5
v 27 6
v 28 8
v 29 7
v 30 0
v 31 2
v 32 0
v 33 1
v 34 6
v 35 7
v 36 6
v 37 8
v 38 3
v 39 1
v 40 6
v 41 8
v 42 8
v 43 8
v 44 5
v 45 6
v 46 5
v 47 5
v 48 8
v 49 6
v 50 4
v 51 4
v 52 8
v 53 6
v 54 5
v 55 7
v 56 7
e 0 1 0 0.393
e 1 2 0 0.083
e 2 3 0 0.047
e 3 4 0 0.019
e 4 5 0 0.347
e 5 6 0 0.045
e 6 7 0 0.371
e 7 8 0 0.142
e 8 9 0 0.662
e 9 10 0 0.077
e 10 11 0 0.393
e 11 12 0 0.060
e 12 13 0 0.120
e 13 14 0 0.660
e 14 15 0 0.240
e 15 16 0 0.110
e 16 17 0 0.055
e 17 18 0 0.392
e 18 19 0 0.005
e 19 20 0 0.030
e 20 21 0 0.266
e 21 22 0 0.120
e 22 23 0 0.101
e 23 24 0 0.614
e 24 25 0 0.125
e 25 26 0 0.445
e 26 27 0 0.035
e 27 28 0 0.712
e 28 29 0 0.108
e 29 30 0 0.212
e 30 31 0 0.465
e 31 32 0 0.425
e 32 33 0 0.143
e 33 34 0 0.107
e 34 35 0 0.629
e 35 36 0 0.341
e 36 37 0 0.374
e 37 38 0 0.237
e 38 39 0 0.094
e 39 40 0 0.034
e 40 41 0 0.036
e 41 42 0 0.034
e 42 43 0 0.347
e 43 44 0 0.154
e 44 45 0 0.067
e 45 46 0 0.288
e 46 47 0 0.481
e 47 48 0 0.032
e 48 49 0 0.721
e 49 50 0 0.016
e 50 51 0 0.038
e 51 52 0 0.065
e 52 53 0 0.229
e 53 54 0 0.014
e 54 55 0 0.418
e 55 56 0 0.008
t # 20
v 0 0
v 1 1
v 2 1
v 3 2
v 4 2
v 5 2
v 6 1
v 7 8
v 8 5
v 9 6
v 10 4
v 11 6
v 12 3
v 13 6
v 14 1
v 15 1
v 16 2
v 17 4
v 18 4
v 19 7
v 20 2
v 21 3
v 22 0
v 23 0
v 24 7
v 25 6
v 26 7
v 27 8
v 28 8
v 29 8
v 30 9
v 31 9
v 32 9
v 33 9
v 34 8
v 35 9
v 36 9
e 0 1 0 0.917
e 1 2 0 0.278
e 2 3 0 0.068
e 3 4 0 0.223
e 4 5 0 0.065
e 5 6 0 0.148
e 6 7 0 0.676
e 7 8 0 0.180
e 8 9 0 0.491
e 9 10 0 0.235
e 10 11 0 0.245
e 11 12 0 0.258
e 12 13 0 0.007
e 13 14 0 0.058
e 14 15 0 0.205
e 15 16 0 0.032
e 16 17 0 0.037
e 17 18 0 0.196
e 18 19 0 0.544
e 19 20 0 0.113
e 20 21 0 0.089
e 21 22 0 0.610
e 22 23 0 0.879
e 23 24 0 0.400
e 24 25 0 0.149
e 25 26 0 0.296
e 26 27 0 0.158
e 27 28 0 0.128
e 28 29 0 0.157
e 29 30 0 0.182
e 30 31 0 0.574
e 31 32 0 0.037
e 32 33 0 0.292
e 33 34 0 0.132
e 34 35 0 0.008
e 35 36 0 0.053
t # 21
v 0 7
v 1 7
v 2 2
v 3 6
v 4 7
v 5 7
v 6 0
v 7 5
v 8 7
v 9 5
v 10 4
v 11 4
v 12 2
v 13 6
v 14 5
v 15 7
v 16 5
v 17 0
v 18 5
v 19 0
v 20 4
v 21 0
v 22 5
v 23 7
v 24 7
v 25 4
v 26 2
v 27 0
v 28 2
v 29 3
v 30 2
v 31 0
v 32 1
v 33 2
v 34 1
v 35 0
e 0 1 0 0.080
e 1 2 0 0.131
e 2 3 0 0.320
e 3 4 0 0.251
e 4 5 0 0.000
e 5 6 0 0.106
e 6 7 0 0.169
e 7 8 0 0.096
e 8 9 0 0.037
e 9 10 0 0.122
e 10 11 0 0.014
e 11 12 0 0.363
e 12 13 0 0.817
e 13 14 0 0.999
e 14 15 0 0.108
e 15 16 0 0.055
e 16 17 0 0.196
e 17 18 0 0.056
e 18 19 0 0.180
e 19 20 0 0.234
e 20 21 0 0.400
e 21 22 0 0.040
e 22 23 0 0.185
e 23 24 0 0.212
e 24 25 0 0.284
e 25 26 0 0.466
e 26 27 0 0.101
e 27 28 0 0.341
e 28 29 0 0.129
e 29 30 0 0.203
e 30 31 0 0.238
e 31 32 0 0.238
e 32 33 0 0.010
e 33 34 0 0.105
e 34 35 0 0.047
t # 22
v 0 0
v 1 2
v 2 4
v 3 5
v 4 6
v 5 2
v 6 1
v 7 8
v 8 7
v 9 9
v 10 9
v 11 7
v 12 3
v 13 8
v 14 9
v 15 9
v 16 9
v 17 9
v 18 9
v 19 9
e 0 1 0 0.138
e 1 2 0 0.328
e 2 3 0 0.114
e 3 4 0 0.023
e 4 5 0 0.135
e 5 6 0 0.098
e 6 7 0 0.208
e 7 8 0 0.190
e 8 9 0 0.016
e 9 10 0 0.029
e 10 11 0 0.199
e 11 12 0 0.034
e 12 13 0 0.015
e 13 14 0 0.625
e 14 15 0 0.489
e 15 16 0 0.199
e 16 17 0 0.468
e 17 18 0 0.273
e 18 19 0 0.905
t # 23
v 0 1
v 1 0
v 2 6
v 3 7
v 4 5
v 5 8
v 6 7
v 7 7
v 8 8
v 9 9
v 10 9
v 11 8
v 12 8
v 13 6
v 14 7
v 15 9
v 16 9
v 17 9
v 18 9
v 19 9
e 0 1 0 0.043
e 1 2 0 0.083
e 2 3 0 0.228
e 3 4 0 0.016
e 4 5 0 0.746
e 5 6 0 0.083
e 6 7 0 0.141
e 7 8 0 0.055
e 8 9 0 0.356
e 9 10 0 0.279
e 10 11 0 0.288
e 11 12 0 0.046
e 12 13 0 0.634
e 13 14 0 0.001
e 14 15 0 0.049
e 15 16 0 0.276
e 16 17 0 0.182
e 17 18 0 0.157
e 18 19 0 0.025
t # 24
v 0 0
v 1 2
v 2 2
v 3 6
v 4 2
v 5 4
v 6 6
v 7 3
v 8 2
v 9 8
v 10 8
v 11 9
v 12 9
v 13 2
e 0 1 0 0.147
e 1 2 0 0.264
e 2 3 0 0.535
e 3 4 0 0.057
e 4 5 0 0.004
e 5 6 0 0.029
e 6 7 0 0.206
e 7 8 0 0.070
e 8 9 0 0.008
e 9 10 0 0.544
e 10 11 0 0.198
e 11 12 0 0.167
e 12 13 0 0.690
t # 25
v 0 7
v 1 9
v 2 9
v 3 9
v 4 9
v 5 9
v 6 9
v 7 9
e 0 1 0 0.199
e 1 2 0 0.350
e 2 3 0 0.047
e 3 4 0 0.120
e 4 5 0 0.853
e 5 6 0 0.090
e 6 7 0 0.553
t # 26
v 0 0
v 1 0
v 2 2
v 3 2
v 4 3
v 5 4
v 6 6
v 7 6
v 8 3
v 9 4
v 10 4
v 11 5
v 12 4
v 13 4
v 14 4
v 15 4
v 16 1
v 17 2
v 18 2
v 19 0
e 0 1 0 0.072
e 1 2 0 0.457
e 2 3 0 0.308
e 3 4 0 0.187
e 4 5 0 0.024
e 5 6 0 0.381
e 6 7 0 0.092
e 7 8 0 0.353
e 8 9 0 0.259
e 9 10 0 0.042
e 10 11 0 0.152
e 11 12 0 0.044
e 12 13 0 0.132
e 13 14 0 0.046
e 14 15 0 0.999
e 15 16 0 0.101
e 16 17 0 0.109
e 17 18 0 0.097
e 18 19 0 0.256
t # 27
v 0 1
v 1 4
v 2 3
v 3 7
v 4 7
v 5 4
v 6 5
v 7 6
v 8 2
v 9 0
v 10 1
v 11 4
v 12 6
v 13 2
v 14 5
v 15 2
v 16 4
v 17 3
v 18 6
v 19 2
v 20 2
v 21 8
v 22 5
v 23 4
v 24 7
v 25 4
v 26 0
v 27 2
v 28 0
v 29 0
e 0 1 0 0.010
e 1 2 0 0.020
e 2 3 0 0.169
e 3 4 0 0.073
e 4 5 0 0.269
e 5 6 0 0.000
e 6 7 0 0.027
e 7 8 0 0.778
e 8 9 0 0.045
e 9 10 0 0.031
e 10 11 0 0.811
e 11 12 0 0.062
e 12 13 0 0.073
e 13 14 0 0.070
e 14 15 0 0.199
e 15 16 0 0.477
e 16 17 0 0.204
e 17 18 0 0.581
e 18 19 0 0.356
e 19 20 0 0.999
e 20 21 0 0.118
e 21 22 0 0.342
e 22 23 0 0.363
e 23 24 0 0.257
e 24 25 0 0.027
e 25 26 0 0.498
e 26 27 0 0.668
e 27 28 0 0.086
e 28 29 0 0.926
t # 28
v 0 0
v 1 1
v 2 9
v 3 1
v 4 1
v 5 5
v 6 5
v 7 6
v 8 8
v 9 9
v 10 9
v 11 9
v 12 9
v 13 9
v 14 8
v 15 9
v 16 9
v 17 8
v 18 9
v 19 9
v 20 9
v 21 9
v 22 9
v 23 9
v 24 6
v 25 2
v 26 3
v 27 1
v 28 6
v 29 0
v 30 4
v 31 3
v 32 3
v 33 0
v 34 0
e 0 1 0 0.444
e 1 2 0 0.053
e 2 3 0 0.362
e 3 4 0 0.008
e 4 5 0 0.118
e 5 6 0 0.054
e 6 7 0 0.227
e 7 8 0 0.199
e 8 9 0 0.375
e 9 10 0 0.308
e 10 11 0 0.538
e 11 12 0 0.999
e 12 13 0 0.173
e 13 14 0 0.345
e 14 15 0 0.293
e 15 16 0 0.047
e 16 17 0 0.083
e 17 18 0 0.604
e 18 19 0 0.127
e 19 20 0 0.582
e 20 21 0 0.199
e 21 22 0 0.076
e 22 23 0 0.067
e 23 24 0 0.102
e 24 25 0 0.151
e 25 26 0 0.275
e 26 27 0 0.428
e 27 28 0 0.195
e 28 29 0 0.343
e 29 30 0 0.355
e 30 31 0 0.131
e 31 32 0 0.303
e 32 33 0 0.271
e 33 34 0 0.081
t # 29
v 0 3
v 1 3
v 2 3
v 3 5
v 4 3
v 5 3
v 6 2
v 7 4
v 8 8
v 9 4
v 10 2
v 11 0
v 12 5
v 13 5
v 14 3
v 15 6
v 16 9
v 17 9
v 18 5
v 19 1
v 20 0
e 0 1 0 0.090
e 1 2 0 0.771
e 2 3 0 0.581
e 3 4 0 0.915
e 4 5 0 0.132
e 5 6 0 0.397
e 6 7 0 0.230
e 7 8 0 0.029
e 8 9 0 0.019
e 9 10 0 0.121
e 10 11 0 0.124
e 11 12 0 0.205
e 12 13 0 0.300
e 13 14 0 0.003
e 14 15 0 0.123
e 15 16 0 0.208
e 16 17 0 0.078
e 17 18 0 0.044
e 18 19 0 0.413
e 19 20 0 0.053
t # 30
v 0 1
v 1 3
v 2 3
v 3 6
v 4 3
v 5 1
v 6 0
v 7 2
v 8 2
v 9 2
v 10 3
v 11 3
v 12 0
v 13 0
v 14 7
v 15 4
v 16 1
v 17 1
v 18 1
e 0 1 0 0.261
e 1 2 0 0.019
e 2 3 0 0.119
e 3 4 0 0.170
e 4 5 0 0.061
e 5 6 0 0.109
e 6 7 0 0.557
e 7 8 0 0.145
e 8 9 0 0.999
e 9 10 0 0.215
e 10 11 0 0.039
e 11 12 0 0.173
e 12 13 0 0.022
e 13 14 0 0.047
e 14 15 0 0.117
e 15 16 0 0.045
e 16 17 0 0.070
e 17 18 0 0.392
t # 31
v 0 0
v 1 6
v 2 6
v 3 2
v 4 7
v 5 8
v 6 7
v 7 1
v 8 1
v 9 5
v 10 4
v 11 6
v 12 2
v 13 7
v 14 4
v 15 1
v 16 1
v 17 6
v 18 7
v 19 7
v 20 3
v 21 7
v 22 6
v 23 4
v 24 9
v 25 9
v 26 9
e 0 1 0 0.072
e 1 2 0 0.200
e 2 3 0 0.181
e 3 4 0 0.108
e 4 5 0 0.133
e 5 6 0 0.618
e 6 7 0 0.210
e 7 8 0 0.128
e 8 9 0 0.410
e 9 10 0 0.011
e 10 11 0 0.035
e 11 12 0 0.870
e 12 13 0 0.058
e 13 14 0 0.444
e 14 15 0 0.091
e 15 16 0 0.999
e 16 17 0 0.101
e 17 18 0 0.021
e 18 19 0 0.286
e 19 20 0 0.057
e 20 21 0 0.045
e 21 22 0 0.055
e 22 23 0 0.514
e 23 24 0 0.024
e 24 25 0 0.071
e 25 26 0 0.182
t # 32
v 0 0
v 1 4
v 2 4
v 3 3
v 4 2
v 5 6
v 6 6
v 7 8
v 8 8
v 9 9
v 10 8
v 11 6
v 12 2
v 13 2
v 14 1
v 15 3
v 16 3
v 17 0
v 18 4
v 19 4
v 20 3
v 21 2
v 22 1
v 23 0
v 24 1
v 25 2
e 0 1 0 0.506
e 1 2 0 0.227
e 2 3 0 0.999
e 3 4 0 0.433
e 4 5 0 0.290
e 5 6 0 0.247
e 6 7 0 0.126
e 7 8 0 0.136
e 8 9 0 0.162
e 9 10 0 0.420
e 10 11 0 0.087
e 11 12 0 0.161
e 12 13 0 0.140
e 13 14 0 0.156
e 14 15 0 0.268
e 15 16 0 0.207
e 16 17 0 0.275
e 17 18 0 0.264
e 18 19 0 0.082
e 19 20 0 0.001
e 20 21 0 0.015
e 21 22 0 0.060
e 22 23 0 0.073
e 23 24 0 0.335
e 24 25 0 0.160
t # 33
v 0 2
v 1 1
v 2 1
v 3 1
v 4 0
v 5 3
v 6 8
v 7 3
v 8 7
v 9 8
v 10 8
v 11 1
v 12 5
v 13 6
v 14 2
v 15 6
v 16 1
v 17 0
v 18 8
v 19 8
v 20 5
v 21 9
v 22 6
v 23 9
v 24 9
v 25 6
v 26 1
v 27 2
v 28 2
v 29 1
v 30 3
v 31 3
v 32 0
e 0 1 0 0.641
e 1 2 0 0.072
e 2 3 0 0.288
e 3 4 0 0.161
e 4 5 0 0.177
e 5 6 0 0.451
e 6 7 0 0.904
e 7 8 0 0.040
e 8 9 0 0.126
e 9 10 0 0.368
e 10 11 0 0.152
e 11 12 0 0.253
e 12 13 0 0.339
e 13 14 0 0.079
e 14 15 0 0.050
e 15 16 0 0.387
e 16 17 0 0.020
e 17 18 0 0.460
e 18 19 0 0.724
e 19 20 0 0.730
e 20 21 0 0.118
e 21 22 0 0.441
e 22 23 0 0.065
e 23 24 0 0.494
e 24 25 0 0.773
e 25 26 0 0.508
e 26 27 0 0.347
e 27 28 0 0.135
e 28 29 0 0.129
e 29 30 0 0.112
e 30 31 0 0.057
e 31 32 0 0.434
t # 34
v 0 1
v 1 2
v 2 5
v 3 6
v 4 2
v 5 7
v 6 8
v 7 2
v 8 0
v 9 7
v 10 2
v 11 0
e 0 1 0 0.844
e 1 2 0 0.135
e 2 3 0 0.323
e 3 4 0 0.134
e 4 5 0 0.231
e 5 6 0 0.999
e 6 7 0 0.001
e 7 8 0 0.035
e 8 9 0 0.283
e 9 10 0 0.068
e 10 11 0 0.285
t # 35
v 0 0
v 1 1
v 2 1
v 3 3
v 4 4
v 5 0
v 6 7
v 7 8
v 8 8
v 9 6
v 10 5
v 11 6
v 12 8
v 13 7
v 14 4
v 15 4
v 16 3
v 17 4
v 18 5
v 19 5
v 20 7
v 21 6
v 22 4
v 23 3
v 24 3
v 25 4
v 26 5
v 27 2
v 28 5
v 29 7
v 30 6
v 31 7
e 0 1 0 0.039
e 1 2 0 0.228
e 2 3 0 0.019
e 3 4 0 0.057
e 4 5 0 0.330
e 5 6 0 0.794
e 6 7 0 0.337
e 7 8 0 0.061
e 8 9 0 0.457
e 9 10 0 0.062
e 10 11 0 0.079
e 11 12 0 0.452
e 12 13 0 0.244
e 13 14 0 0.153
e 14 15 0 0.323
e 15 16 0 0.133
e 16 17 0 0.027
e 17 18 0 0.143
e 18 19 0 0.069
e 19 20 0 0.250
e 20 21 0 0.197
e 21 22 0 0.021
e 22 23 0 0.012
e 23 24 0 0.159
e 24 25 0 0.103
e 25 26 0 0.481
e 26 27 0 0.082
e 27 28 0 0.304
e 28 29 0 0.511
e 29 30 0 0.050
e 30 31 0 0.189
t # 36
v 0 1
v 1 5
v 2 6
v 3 8
v 4 2
v 5 7
v 6 1
v 7 7
v 8 8
v 9 8
v 10 9
v 11 6
v 12 3
v 13 4
v 14 8
v 15 8
v 16 3
v 17 8
v 18 8
v 19 7
v 20 2
v 21 1
v 22 3
v 23 7
v 24 9
v 25 9
e 0 1 0 0.323
e 1 2 0 0.067
e 2 3 0 0.068
e 3 4 0 0.432
e 4 5 0 0.506
e 5 6 0 0.010
e 6 7 0 0.167
e 7 8 0 0.110
e 8 9 0 0.045
e 9 10 0 0.093
e 10 11 0 0.041
e 11 12 0 0.593
e 12 13 0 0.224
e 13 14 0 0.442
e 14 15 0 0.059
e 15 16 0 0.218
e 16 17 0 0.042
e 17 18 0 0.092
e 18 19 0 0.115
e 19 20 0 0.009
e 20 21 0 0.017
e 21 22 0 0.368
e 22 23 0 0.090
e 23 24 0 0.855
e 24 25 0 0.299
t # 37
v 0 4
v 1 0
v 2 2
v 3 4
v 4 5
v 5 7
v 6 2
v 7 1
v 8 7
v 9 7
v 10 9
v 11 9
v 12 9
v 13 9
v 14 9
v 15 9
v 16 9
v 17 9
v 18 9
v 19 9
v 20 9
v 21 9
v 22 9
v 23 6
v 24 8
v 25 8
v 26 9
v 27 8
v 28 8
v 29 3
v 30 2
v 31 3
v 32 3
v 33 3
v 34 1
v 35 0
e 0 1 0 0.042
e 1 2 0 0.208
e 2 3 0 0.292
e 3 4 0 0.154
e 4 5 0 0.044
e 5 6 0 0.003
e 6 7 0 0.409
e 7 8 0 0.207
e 8 9 0 0.214
e 9 10 0 0.326
e 10 11 0 0.179
e 11 12 0 0.161
e 12 13 0 0.220
e 13 14 0 0.323
e 14 15 0 0.106
e 15 16 0 0.008
e 16 17 0 0.354
e 17 18 0 0.132
e 18 19 0 0.044
e 19 20 0 0.009
e 20 21 0 0.047
e 21 22 0 0.735
e 22 23 0 0.429
e 23 24 0 0.101
e 24 25 0 0.451
e 25 26 0 0.146
e 26 27 0 0.015
e 27 28 0 0.258
e 28 29 0 0.059
e 29 30 0 0.292
e 30 31 0 0.114
e 31 32 0 0.033
e 32 33 0 0.419
e 33 34 0 0.194
e 34 35 0 0.330
t # 38
v 0 1
v 1 1
v 2 8
v 3 2
v 4 2
v 5 1
v 6 3
v 7 3
v 8 7
v 9 2
v 10 0
e 0 1 0 0.199
e 1 2 0 0.307
e 2 3 0 0.319
e 3 4 0 0.305
e 4 5 0 0.120
e 5 6 0 0.051
e 6 7 0 0.091
e 7 8 0 0.301
e 8 9 0 0.168
e 9 10 0 0.049
t # 39
v 0 0
v 1 0
v 2 3
v 3 2
v 4 2
v 5 6
v 6 3
v 7 2
v 8 5
v 9 1
v 10 1
v 11 2
v 12 3
v 13 4
v 14 5
v 15 3
v 16 0
v 17 7
v 18 3
v 19 6
v 20 6
v 21 2
v 22 0
v 23 1
v 24 7
v 25 7
v 26 4
v 27 0
v 28 1
e 0 1 0 0.067
e 1 2 0 0.188
e 2 3 0 0.103
e 3 4 0 0.281
e 4 5 0 0.227
e 5 6 0 0.430
e 6 7 0 0.013
e 7 8 0 0.037
e 8 9 0 0.485
e 9 10 0 0.006
e 10 11 0 0.081
e 11 12 0 0.026
e 12 13 0 0.381
e 13 14 0 0.399
e 14 15 0 0.004
e 15 16 0 0.246
e 16 17 0 0.093
e 17 18 0 0.097
e 18 19 0 0.421
e 19 20 0 0.334
e 20 21 0 0.035
e 21 22 0 0.095
e 22 23 0 0.027
e 23 24 0 0.538
e 24 25 0 0.239
e 25 26 0 0.526
e 26 27 0 0.118
e 27 28 0 0.407
t # 40
v 0 0
v 1 2
v 2 4
v 3 5
v 4 8
v 5 9
v 6 9
v 7 9
v 8 9
v 9 8
v 10 4
v 11 8
v 12 3
v 13 0
v 14 6
v 15 6
v 16 2
v 17 5
v 18 1
v 19 4
v 20 4
v 21 0
e 0 1 0 0.261
e 1 2 0 0.016
e 2 3 0 0.224
e 3 4 0 0.101
e 4 5 0 0.072
e 5 6 0 0.043
e 6 7 0 0.314
e 7 8 0 0.019
e 8 9 0 0.051
e 9 10 0 0.068
e 10 11 0 0.054
e 11 12 0 0.106
e 12 13 0 0.095
e 13 14 0 0.980
e 14 15 0 0.271
e 15 16 0 0.661
e 16 17 0 0.386
e 17 18 0 0.263
e 18 19 0 0.050
e 19 20 0 0.074
e 20 21 0 0.006
t # 41
v 0 4
v 1 3
v 2 3
v 3 3
v 4 1
v 5 2
v 6 1
v 7 0
v 8 5
v 9 2
v 10 4
v 11 5
v 12 1
v 13 2
v 14 0
v 15 0
v 16 0
e 0 1 0 0.165
e 1 2 0 0.858
e 2 3 0 0.542
e 3 4 0 0.509
e 4 5 0 0.053
e 5 6 0 0.064
e 6 7 0 0.426
e 7 8 0 0.196
e 8 9 0 0.051
e 9 10 0 0.560
e 10 11 0 0.082
e 11 12 0 0.108
e 12 13 0 0.295
e 13 14 0 0.011
e 14 15 0 0.070
e 15 16 0 0.211
t # 42
v 0 2
v 1 2
v 2 4
v 3 1
v 4 1
v 5 1
v 6 2
v 7 7
v 8 8
v 9 1
v 10 0
v 11 4
v 12 8
v 13 7
v 14 3
v 15 4
v 16 8
v 17 8
v 18 8
v 19 6
v 20 8
v 21 9
v 22 8
v 23 5
v 24 6
v 25 6
v 26 8
v 27 8
v 28 8
v 29 7
v 30 6
v 31 6
v 32 8
v 33 5
v 34 4
v 35 6
v 36 7
v 37 2
v 38 5
v 39 4
v 40 2
v 41 4
v 42 3
v 43 7
v 44 3
v 45 0
e 0 1 0 0.108
e 1 2 0 0.085
e 2 3 0 0.097
e 3 4 0 0.272
e 4 5 0 0.679
e 5 6 0 0.396
e 6 7 0 0.092
e 7 8 0 0.097
e 8 9 0 0.015
e 9 10 0 0.054
e 10 11 0 0.181
e 11 12 0 0.196
e 12 13 0 0.237
e 13 14 0 0.995
e 14 15 0 0.258
e 15 16 0 0.053
e 16 17 0 0.047
e 17 18 0 0.661
e 18 19 0 0.127
e 19 20 0 0.055
e 20 21 0 0.404
e 21 22 0 0.435
e 22 23 0 0.212
e 23 24 0 0.022
e 24 25 0 0.029
e 25 26 0 0.341
e 26 27 0 0.269
e 27 28 0 0.177
e 28 29 0 0.048
e 29 30 0 0.078
e 30 31 0 0.152
e 31 32 0 0.798
e 32 33 0 0.048
e 33 34 0 0.181
e 34 35 0 0.227
e 35 36 0 0.340
e 36 37 0 0.106
e 37 38 0 0.824
e 38 39 0 0.026
e 39 40 0 0.028
e 40 41 0 0.395
e 41 42 0 0.120
e 42 43 0 0.038
e 43 44 0 0.025
e 44 45 0 0.032
t # 43
v 0 1
v 1 1
v 2 1
v 3 3
v 4 6
v 5 1
v 6 2
v 7 4
v 8 3
v 9 1
v 10 3
v 11 0
v 12 4
v 13 3
v 14 1
v 15 0
v 16 3
v 17 1
v 18 4
v 19 3
v 20 5
v 21 4
v 22 2
v 23 1
v 24 2
v 25 1
v 26 2
v 27 7
v 28 5
v 29 8
v 30 8
v 31 7
v 32 6
v 33 4
v 34 6
v 35 2
v 36 1
v 37 3
v 38 2
v 39 4
v 40 7
v 41 8
v 42 9
v 43 9
v 44 9
v 45 3
v 46 9
v 47 9
v 48 9
e 0 1 0 0.312
e 1 2 0 0.217
e 2 3 0 0.221
e 3 4 0 0.999
e 4 5 0 0.017
e 5 6 0 0.118
e 6 7 0 0.068
e 7 8 0 0.999
e 8 9 0 0.036
e 9 10 0 0.257
e 10 11 0 0.267
e 11 12 0 0.108
e 12 13 0 0.529
e 13 14 0 0.047
e 14 15 0 0.165
e 15 16 0 0.025
e 16 17 0 0.033
e 17 18 0 0.032
e 18 19 0 0.036
e 19 20 0 0.137
e 20 21 0 0.075
e 21 22 0 0.211
e 22 23 0 0.052
e 23 24 0 0.042
e 24 25 0 0.229
e 25 26 0 0.026
e 26 27 0 0.105
e 27 28 0 0.622
e 28 29 0 0.669
e 29 30 0 0.070
e 30 31 0 0.402
e 31 32 0 0.221
e 32 33 0 0.418
e 33 34 0 0.182
e 34 35 0 0.269
e 35 36 0 0.121
e 36 37 0 0.054
e 37 38 0 0.205
e 38 39 0 0.302
e 39 40 0 0.077
e 40 41 0 0.031
e 41 42 0 0.013
e 42 43 0 0.012
e 43 44 0 0.395
e 44 45 0 0.082
e 45 46 0 0.063
e 46 47 0 0.177
e 47 48 0 0.089
t # 44
v 0 0
v 1 2
v 2 3
v 3 5
v 4 4
v 5 7
v 6 2
v 7 8
v 8 4
v 9 8
v 10 9
v 11 9
v 12 9
v 13 9
v 14 6
v 15 7
v 16 8
v 17 8
v 18 8
v 19 8
v 20 6
v 21 5
v 22 2
v 23 6
v 24 5
v 25 3
v 26 7
v 27 7
v 28 2
v 29 5
v 30 5
v 31 1
v 32 2
v 33 4
v 34 3
v 35 6
v 36 3
v 37 0
v 38 0
e 0 1 0 0.029
e 1 2 0 0.040
e 2 3 0 0.432
e 3 4 0 0.291
e 4 5 0 0.064
e 5 6 0 0.044
e 6 7 0 0.300
e 7 8 0 0.021
e 8 9 0 0.034
e 9 10 0 0.067
e 10 11 0 0.487
e 11 12 0 0.115
e 12 13 0 0.056
e 13 14 0 0.293
e 14 15 0 0.361
e 15 16 0 0.003
e 16 17 0 0.067
e 17 18 0 0.051
e 18 19 0 0.523
e 19 20 0 0.014
e 20 21 0 0.691
e 21 22 0 0.542
e 22 23 0 0.097
e 23 24 0 0.048
e 24 25 0 0.044
e 25 26 0 0.999
e 26 27 0 0.258
e 27 28 0 0.697
e 28 29 0 0.376
e 29 30 0 0.146
e 30 31 0 0.035
e 31 32 0 0.104
e 32 33 0 0.114
e 33 34 0 0.323
e 34 35 0 0.371
e 35 36 0 0.503
e 36 37 0 0.136
e 37 38 0 0.266
t # 45
v 0 2
v 1 2
v 2 2
v 3 1
v 4 2
v 5 4
v 6 1
v 7 1
v 8 0
v 9 5
v 10 5
v 11 6
v 12 4
v 13 5
v 14 7
v 15 8
v 16 7
v 17 8
v 18 8
v 19 8
v 20 8
v 21 4
v 22 8
v 23 9
v 24 9
v 25 9
v 26 9
e 0 1 0 0.244
e 1 2 0 0.160
e 2 3 0 0.367
e 3 4 0 0.077
e 4 5 0 0.023
e 5 6 0 0.209
e 6 7 0 0.090
e 7 8 0 0.038
e 8 9 0 0.318
e 9 10 0 0.349
e 10 11 0 0.017
e 11 12 0 0.294
e 12 13 0 0.999
e 13 14 0 0.218
e 14 15 0 0.006
e 15 16 0 0.157
e 16 17 0 0.134
e 17 18 0 0.060
e 18 19 0 0.451
e 19 20 0 0.051
e 20 21 0 0.425
e 21 22 0 0.157
e 22 23 0 0.125
e 23 24 0 0.099
e 24 25 0 0.604
e 25 26 0 0.179
t # 46
v 0 0
v 1 4
v 2 1
v 3 2
v 4 3
v 5 6
v 6 5
v 7 4
v 8 3
v 9 4
v 10 4
v 11 6
v 12 7
v 13 3
v 14 1
v 15 6
v 16 6
v 17 0
v 18 0
v 19 1
v 20 4
v 21 3
v 22 1
v 23 8
v 24 6
v 25 6
v 26 0
v 27 1
v 28 7
v 29 5
v 30 0
v 31 6
v 32 7
v 33 4
v 34 1
v 35 0
v 36 1
e 0 1 0 0.041
e 1 2 0 0.712
e 2 3 0 0.175
e 3 4 0 0.168
e 4 5 0 0.081
e 5 6 0 0.585
e 6 7 0 0.012
e 7 8 0 0.581
e 8 9 0 0.191
e 9 10 0 0.091
e 10 11 0 0.114
e 11 12 0 0.808
e 12 13 0 0.269
e 13 14 0 0.219
e 14 15 0 0.182
e 15 16 0 0.116
e 16 17 0 0.193
e 17 18 0 0.011
e 18 19 0 0.026
e 19 20 0 0.217
e 20 21 0 0.257
e 21 22 0 0.423
e 22 23 0 0.251
e 23 24 0 0.046
e 24 25 0 0.340
e 25 26 0 0.277
e 26 27 0 0.337
e 27 28 0 0.670
e 28 29 0 0.016
e 29 30 0 0.113
e 30 31 0 0.048
e 31 32 0 0.077
e 32 33 0 0.208
e 33 34 0 0.164
e 34 35 0 0.301
e 35 36 0 0.420
t # 47
v 0 0
v 1 3
v 2 7
v 3 2
v 4 2
v 5 4
v 6 2
v 7 0
v 8 5
v 9 4
v 10 0
v 11 4
v 12 1
v 13 4
v 14 2
v 15 2
v 16 6
v 17 4
v 18 1
v 19 6
v 20 7
v 21 5
v 22 1
v 23 0
e 0 1 0 0.001
e 1 2 0 0.018
e 2 3 0 0.000
e 3 4 0 0.898
e 4 5 0 0.227
e 5 6 0 0.095
e 6 7 0 0.407
e 7 8 0 0.065
e 8 9 0 0.078
e 9 10 0 0.057
e 10 11 0 0.259
e 11 12 0 0.221
e 12 13 0 0.140
e 13 14 0 0.060
e 14 15 0 0.767
e 15 16 0 0.109
e 16 17 0 0.036
e 17 18 0 0.062
e 18 19 0 0.037
e 19 20 0 0.287
e 20 21 0 0.318
e 21 22 0 0.075
e 22 23 0 0.999
t # 48
v 0 1
v 1 2
v 2 1
v 3 0
v 4 2
v 5 2
v 6 2
v 7 3
v 8 1
v 9 4
v 10 2
v 11 5
v 12 4
v 13 6
v 14 7
v 15 6
v 16 8
v 17 6
v 18 2
v 19 0
v 20 1
v 21 0
v 22 2
v 23 4
v 24 4
v 25 7
v 26 3
v 27 2
v 28 6
v 29 7
v 30 3
v 31 2
v 32 8
v 33 7
v 34 8
v 35 4
v 36 3
v 37 7
v 38 1
v 39 0
e 0 1 0 0.055
e 1 2 0 0.042
e 2 3 0 0.016
e 3 4 0 0.241
e 4 5 0 0.108
e 5 6 0 0.111
e 6 7 0 0.040
e 7 8 0 0.184
e 8 9 0 0.497
e 9 10 0 0.768
e 10 11 0 0.492
e 11 12 0 0.594
e 12 13 0 0.750
e 13 14 0 0.580
e 14 15 0 0.115
e 15 16 0 0.004
e 16 17 0 0.099
e 17 18 0 0.219
e 18 19 0 0.665
e 19 20 0 0.515
e 20 21 0 0.621
e 21 22 0 0.482
e 22 23 0 0.037
e 23 24 0 0.039
e 24 25 0 0.247
e 25 26 0 0.504
e 26 27 0 0.236
e 27 28 0 0.188
e 28 29 0 0.114
e 29 30 0 0.200
e 30 31 0 0.088
e 31 32 0 0.215
e 32 33 0 0.052
e 33 34 0 0.369
e 34 35 0 0.199
e 35 36 0 0.007
e 36 37 0 0.361
e 37 38 0 0.166
e 38 39 0 0.384
t # 49
v 0 3
v 1 3
v 2 3
v 3 6
v 4 6
v 5 4
v 6 5
v 7 6
v 8 7
v 9 9
v 10 9
v 11 9
v 12 8
v 13 8
v 14 6
v 15 1
v 16 7
v 17 5
v 18 0
v 19 6
v 20 6
v 21 5
v 22 0
v 23 0
e 0 1 0 0.007
e 1 2 0 0.488
e 2 3 0 0.327
e 3 4 0 0.101
e 4 5 0 0.069
e 5 6 0 0.418
e 6 7 0 0.027
e 7 8 0 0.054
e 8 9 0 0.066
e 9 10 0 0.057
e 10 11 0 0.017
e 11 12 0 0.993
e 12 13 0 0.187
e 13 14 0 0.113
e 14 15 0 0.081
e 15 16 0 0.150
e 16 17 0 0.171
e 17 18 0 0.675
e 18 19 0 0.148
e 19 20 0 0.079
e 20 21 0 0.041
e 21 22 0 0.503
e 22 23 0 0.689
t # 50
v 0 4
v 1 2
v 2 8
v 3 6
v 4 1
v 5 4
v 6 5
v 7 7
v 8 5
v 9 6
v 10 7
v 11 4
v 12 6
v 13 8
v 14 3
v 15 5
v 16 3
v 17 4
v 18 5
v 19 4
v 20 4
v 21 5
v 22 4
v 23 4
e 0 1 0 0.627
e 1 2 0 0.009
e 2 3 0 0.047
e 3 4 0 0.084
e 4 5 0 0.196
e 5 6 0 0.000
e 6 7 0 0.008
e 7 8 0 0.239
e 8 9 0 0.041
e 9 10 0 0.236
e 10 11 0 0.120
e 11 12 0 0.151
e 12 13 0 0.327
e 13 14 0 0.038
e 14 15 0 0.028
e 15 16 0 0.864
e 16 17 0 0.035
e 17 18 0 0.034
e 18 19 0 0.558
e 19 20 0 0.233
e 20 21 0 0.010
e 21 22 0 0.066
e 22 23 0 0.046
t # 51
v 0 1
v 1 1
v 2 1
v 3 2
v 4 6
v 5 6
v 6 4
v 7 4
v 8 2
v 9 0
v 10 2
v 11 0
v 12 2
v 13 2
v 14 5
v 15 0
v 16 4
v 17 5
v 18 2
v 19 1
v 20 6
v 21 2
v 22 2
v 23 8
v 24 2
v 25 2
v 26 1
v 27 0
v 28 5
v 29 3
v 30 4
v 31 5
v 32 2
v 33 2
v 34 5
v 35 7
v 36 8
v 37 5
v 38 1
v 39 4
v 40 4
v 41 7
v 42 4
v 43 3
v 44 4
v 45 3
v 46 1
v 47 0
v 48 3
v 49 5
v 50 1
v 51 0
v 52 0
v 53 3
v 54 4
v 55 5
v 56 1
v 57 5
v 58 1
v 59 2
v 60 3
v 61 0
v 62 0
v 63 3
v 64 1
v 65 6
v 66 1
e 0 1 0 0.018
e 1 2 0 0.166
e 2 3 0 0.287
e 3 4 0 0.038
e 4 5 0 0.595
e 5 6 0 0.066
e 6 7 0 0.072
e 7 8 0 0.062
e 8 9 0 0.265
e 9 10 0 0.064
e 10 11 0 0.024
e 11 12 0 0.002
e 12 13 0 0.495
e 13 14 0 0.294
e 14 15 0 0.074
e 15 16 0 0.735
e 16 12 0 0.083
e 12 17 0 0.056
e 17 18 0 0.580
e 18 19 0 0.236
e 19 20 0 0.440
e 20 21 0 0.005
e 21 22 0 0.553
e 22 23 0 0.257
e 23 24 0 0.502
e 24 25 0 0.025
e 25 26 0 0.494
e 26 27 0 0.183
e 27 28 0 0.166
e 28 29 0 0.001
e 29 30 0 0.045
e 30 31 0 0.202
e 31 32 0 0.927
e 32 33 0 0.293
e 33 34 0 0.292
e 34 35 0 0.079
e 35 36 0 0.137
e 36 37 0 0.067
e 37 38 0 0.137
e 38 39 0 0.027
e 39 40 0 0.141
e 40 41 0 0.155
e 41 42 0 0.250
e 42 43 0 0.355
e 43 44 0 0.137
e 44 45 0 0.209
e 45 46 0 0.142
e 46 47 0 0.231
e 47 48 0 0.161
e 48 49 0 0.066
e 49 50 0 0.181
e 50 51 0 0.964
e 51 52 0 0.139
e 52 53 0 0.277
e 53 54 0 0.055
e 54 55 0 0.381
e 55 56 0 0.054
e 56 57 0 0.039
e 57 58 0 0.328
e 58 59 0 0.167
e 59 60 0 0.362
e 60 61 0 0.007
e 61 62 0 0.267
e 62 63 0 0.029
e 63 64 0 0.377
e 64 65 0 0.147
e 65 66 0 0.042
t # 52
v 0 4
v 1 2
v 2 2
v 3 8
v 4 8
v 5 8
v 6 8
v 7 8
v 8 5
v 9 0
v 10 7
v 11 7
v 12 8
v 13 7
v 14 7
v 15 5
v 16 5
v 17 5
v 18 4
v 19 1
v 20 0
v 21 1
v 22 3
v 23 0
v 24 2
v 25 3
v 26 3
v 27 1
v 28 1
v 29 4
v 30 0
v 31 0
v 32 4
v 33 0
v 34 3
v 35 7
v 36 7
v 37 2
v 38 1
v 39 3
v 40 5
v 41 1
v 42 2
v 43 1
e 0 1 0 0.225
e 1 2 0 0.450
e 2 3 0 0.230
e 3 4 0 0.056
e 4 5 0 0.167
e 5 6 0 0.301
e 6 7 0 0.132
e 7 8 0 0.577
e 8 9 0 0.048
e 9 10 0 0.644
e 10 7 0 0.205
e 7 11 0 0.167
e 11 12 0 0.190
e 12 13 0 0.225
e 13 14 0 0.043
e 14 15 0 0.317
e 15 16 0 0.131
e 16 17 0 0.003
e 17 18 0 0.015
e 18 19 0 0.944
e 19 20 0 0.069
e 20 19 0 0.112
e 19 21 0 0.430
e 21 22 0 0.094
e 22 23 0 0.102
e 23 24 0 0.259
e 24 25 0 0.115
e 25 26 0 0.042
e 26 27 0 0.012
e 27 28 0 0.234
e 28 29 0 0.210
e 29 30 0 0.135
e 30 31 0 0.251
e 31 32 0 0.298
e 32 33 0 0.070
e 33 34 0 0.445
e 34 35 0 0.260
e 35 36 0 0.327
e 36 37 0 0.102
e 37 38 0 0.839
e 38 39 0 0.224
e 39 40 0 0.007
e 40 41 0 0.202
e 41 42 0 0.086
e 42 43 0 0.172
t # 53
v 0 0
v 1 5
v 2 2
v 3 4
v 4 3
v 5 1
v 6 3
v 7 4
v 8 7
v 9 5
v 10 1
v 11 3
v 12 5
v 13 3
v 14 2
v 15 1
v 16 1
v 17 5
v 18 4
v 19 2
v 20 0
v 21 3
v 22 1
v 23 4
v 24 2
v 25 3
v 26 6
v 27 6
v 28 1
v 29 6
v 30 7
v 31 5
v 32 1
v 33 0
e 0 1 0 0.090
e 1 2 0 0.002
e 2 3 0 0.350
e 3 4 0 0.140
e 4 5 0 0.001
e 5 6 0 0.151
e 6 7 0 0.145
e 7 8 0 0.279
e 8 9 0 0.201
e 9 10 0 0.131
e 10 11 0 0.171
e 11 12 0 0.087
e 12 13 0 0.498
e 13 14 0 0.102
e 14 15 0 0.503
e 15 16 0 0.029
e 16 17 0 0.004
e 17 18 0 0.511
e 18 19 0 0.025
e 19 20 0 0.601
e 20 21 0 0.355
e 21 22 0 0.473
e 22 23 0 0.999
e 23 24 0 0.106
e 24 25 0 0.066
e 25 26 0 0.199
e 26 27 0 0.023
e 27 28 0 0.055
e 28 29 0 0.664
e 29 30 0 0.171
e 30 31 0 0.113
e 31 32 0 0.352
e 32 33 0 0.285
t # 54
v 0 1
v 1 3
v 2 2
v 3 1
v 4 1
v 5 3
v 6 6
v 7 3
v 8 2
v 9 6
v 10 5
v 11 6
v 12 7
v 13 8
v 14 9
v 15 3
v 16 2
v 17 7
v 18 7
v 19 8
v 20 8
v 21 8
v 22 9
v 23 9
v 24 9
v 25 9
v 26 9
v 27 9
v 28 9
v 29 5
v 30 8
v 31 9
v 32 9
v 33 9
v 34 9
v 35 9
e 0 1 0 0.146
e 1 2 0 0.201
e 2 3 0 0.319
e 3 4 0 0.301
e 4 5 0 0.384
e 5 6 0 0.489
e 6 7 0 0.390
e 7 8 0 0.155
e 8 9 0 0.176
e 9 10 0 0.179
e 10 11 0 0.004
e 11 12 0 0.142
e 12 13 0 0.691
e 13 14 0 0.377
e 14 15 0 0.170
e 15 16 0 0.021
e 16 17 0 0.725
e 17 18 0 0.308
e 18 19 0 0.178
e 19 20 0 0.021
e 20 21 0 0.114
e 21 22 0 0.116
e 22 23 0 0.048
e 23 24 0 0.025
e 24 25 0 0.775
e 25 26 0 0.123
e 26 27 0 0.236
e 27 28 0 0.055
e 28 29 0 0.151
e 29 30 0 0.114
e 30 31 0 0.359
e 31 32 0 0.026
e 32 33 0 0.294
e 33 34 0 0.062
e 34 35 0 0.049
t # 55
v 0 1
v 1 2
v 2 2
v 3 1
v 4 2
v 5 5
v 6 1
v 7 4
v 8 0
v 9 4
v 10 5
v 11 5
v 12 0
v 13 1
v 14 3
v 15 6
v 16 2
v 17 2
v 18 1
v 19 2
v 20 1
v 21 2
v 22 3
v 23 1
v 24 3
v 25 2
v 26 0
v 27 2
v 28 1
v 29 1
v 30 3
v 31 4
v 32 2
v 33 6
v 34 5
v 35 5
v 36 6
v 37 7
v 38 2
v 39 0
e 0 1 0 0.417
e 1 2 0 0.071
e 2 3 0 0.210
e 3 4 0 0.077
e 4 5 0 0.148
e 5 6 0 0.014
e 6 7 0 0.613
e 7 8 0 0.249
e 8 9 0 0.930
e 9 10 0 0.109
e 10 11 0 0.471
e 11 12 0 0.812
e 12 13 0 0.488
e 13 14 0 0.506
e 14 15 0 0.002
e 15 16 0 0.109
e 16 17 0 0.246
e 17 18 0 0.341
e 18 19 0 0.074
e 19 20 0 0.166
e 20 21 0 0.039
e 21 22 0 0.169
e 22 23 0 0.088
e 23 24 0 0.860
e 24 25 0 0.212
e 25 26 0 0.317
e 26 27 0 0.373
e 27 28 0 0.329
e 28 29 0 0.132
e 29 30 0 0.420
e 30 31 0 0.186
e 31 32 0 0.221
e 32 33 0 0.333
e 33 34 0 0.079
e 34 35 0 0.338
e 35 36 0 0.139
e 36 37 0 0.465
e 37 38 0 0.030
e 38 39 0 0.288
t # 56
v 0 0
v 1 3
v 2 5
v 3 2
v 4 3
v 5 5
v 6 3
v 7 2
v 8 1
v 9 6
v 10 1
v 11 5
v 12 3
v 13 5
v 14 2
v 15 0
e 0 1 0 0.085
e 1 2 0 0.072
e 2 3 0 0.271
e 3 4 0 0.005
e 4 5 0 0.165
e 5 6 0 0.033
e 6 7 0 0.130
e 7 8 0 0.165
e 8 9 0 0.101
e 9 10 0 0.013
e 10 11 0 0.128
e 11 12 0 0.235
e 12 13 0 0.140
e 13 14 0 0.139
e 14 15 0 0.026
t # 57
v 0 1
v 1 0
v 2 7
v 3 6
v 4 4
v 5 5
v 6 2
v 7 2
v 8 5
v 9 3
v 10 6
v 11 5
v 12 1
v 13 2
v 14 5
v 15 2
v 16 1
v 17 4
v 18 5
v 19 1
v 20 0
v 21 0
e 0 1 0 0.162
e 1 2 0 0.210
e 2 3 0 0.021
e 3 4 0 0.120
e 4 5 0 0.253
e 5 6 0 0.054
e 6 7 0 0.015
e 7 8 0 0.224
e 8 9 0 0.542
e 9 10 0 0.422
e 10 11 0 0.397
e 11 12 0 0.039
e 12 13 0 0.061
e 13 14 0 0.093
e 14 15 0 0.235
e 15 16 0 0.881
e 16 17 0 0.543
e 17 18 0 0.358
e 18 19 0 0.062
e 19 20 0 0.135
e 20 21 0 0.027
t # 58
v 0 0
v 1 1
v 2 1
v 3 3
v 4 1
v 5 4
v 6 0
v 7 5
v 8 6
v 9 6
v 10 2
v 11 2
v 12 1
v 13 5
v 14 4
v 15 1
v 16 1
v 17 5
v 18 6
v 19 7
v 20 5
v 21 2
v 22 0
e 0 1 0 0.145
e 1 2 0 0.380
e 2 3 0 0.373
e 3 4 0 0.012
e 4 5 0 0.423
e 5 6 0 0.206
e 6 7 0 0.020
e 7 8 0 0.078
e 8 9 0 0.216
e 9 10 0 0.256
e 10 11 0 0.619
e 11 12 0 0.359
e 12 13 0 0.178
e 13 14 0 0.782
e 14 15 0 0.378
e 15 16 0 0.770
e 16 17 0 0.202
e 17 18 0 0.604
e 18 19 0 0.133
e 19 20 0 0.152
e 20 21 0 0.331
e 21 22 0 0.392
t # 59
v 0 4
v 1 0
v 2 3
v 3 7
v 4 4
v 5 7
v 6 9
v 7 9
v 8 9
v 9 9
v 10 9
v 11 9
v 12 7
v 13 7
v 14 3
v 15 5
v 16 6
v 17 7
v 18 9
v 19 6
v 20 2
v 21 1
v 22 2
v 23 0
e 0 1 0 0.243
e 1 2 0 0.200
e 2 3 0 0.288
e 3 4 0 0.346
e 4 5 0 0.227
e 5 6 0 0.436
e 6 7 0 0.059
e 7 8 0 0.578
e 8 9 0 0.091
e 9 10 0 0.099
e 10 11 0 0.157
e 11 12 0 0.038
e 12 13 0 0.429
e 13 14 0 0.081
e 14 15 0 0.512
e 15 16 0 0.389
e 16 17 0 0.067
e 17 18 0 0.211
e 18 19 0 0.632
e 19 20 0 0.959
e 20 21 0 0.421
e 21 22 0 0.499
e 22 23 0 0.604
t # 60
v 0 0
v 1 0
v 2 1
v 3 2
v 4 1
v 5 0
v 6 1
v 7 0
v 8 2
v 9 2
v 10 4
v 11 1
v 12 0
v 13 4
v 14 1
v 15 5
v 16 3
v 17 5
v 18 3
v 19 5
v 20 6
v 21 8
v 22 2
v 23 3
v 24 6
v 25 7
v 26 6
v 27 8
v 28 8
v 29 4
v 30 8
v 31 9
v 32 9
v 33 9
e 0 1 0 0.248
e 1 0 0 0.444
e 0 1 0 0.209
e 1 0 0 0.379
e 0 2 0 0.187
e 2 3 0 0.248
e 3 4 0 0.016
e 4 5 0 0.133
e 5 4 0 0.275
e 4 5 0 0.111
e 5 6 0 0.178
e 6 7 0 0.246
e 7 8 0 0.748
e 8 9 0 0.141
e 9 10 0 0.012
e 10 11 0 0.313
e 11 12 0 0.036
e 12 13 0 0.388
e 13 14 0 0.150
e 14 15 0 0.059
e 15 16 0 0.152
e 16 17 0 0.407
e 17 18 0 0.045
e 18 19 0 0.999
e 19 20 0 0.123
e 20 21 0 0.105
e 21 22 0 0.058
e 22 23 0 0.420
e 23 24 0 0.143
e 24 25 0 0.083
e 25 26 0 0.113
e 26 27 0 0.180
e 27 28 0 0.104
e 28 29 0 0.454
e 29 30 0 0.192
e 30 31 0 0.122
e 31 32 0 0.022
e 32 33 0 0.029
t # 61
v 0 0
v 1 3
v 2 5
v 3 8
v 4 6
v 5 6
v 6 8
v 7 6
v 8 3
v 9 3
v 10 5
v 11 6
v 12 8
v 13 6
v 14 5
v 15 4
v 16 0
v 17 6
v 18 8
v 19 5
v 20 0
v 21 5
v 22 4
v 23 3
v 24 0
v 25 7
v 26 8
e 0 1 0 0.078
e 1 2 0 0.204
e 2 3 0 0.575
e 3 4 0 0.578
e 4 5 0 0.068
e 5 6 0 0.418
e 6 7 0 0.445
e 7 8 0 0.141
e 8 9 0 0.337
e 9 10 0 0.062
e 10 11 0 0.222
e 11 12 0 0.506
e 12 13 0 0.287
e 13 14 0 0.148
e 14 15 0 0.050
e 15 16 0 0.211
e 16 17 0 0.145
e 17 18 0 0.156
e 18 19 0 0.139
e 19 20 0 0.102
e 20 21 0 0.618
e 21 22 0 0.036
e 22 23 0 0.039
e 23 24 0 0.764
e 24 25 0 0.121
e 25 26 0 0.641
t # 62
v 0 1
v 1 5
v 2 6
v 3 5
v 4 6
v 5 8
v 6 6
v 7 7
v 8 8
v 9 7
v 10 7
v 11 4
v 12 1
v 13 3
v 14 3
v 15 4
v 16 4
v 17 5
v 18 5
v 19 4
v 20 6
v 21 5
v 22 5
v 23 5
v 24 5
v 25 5
v 26 8
v 27 8
v 28 8
v 29 5
v 30 2
v 31 5
v 32 3
v 33 4
v 34 4
v 35 6
v 36 5
v 37 5
v 38 3
v 39 5
v 40 5
v 41 3
v 42 6
v 43 2
v 44 1
v 45 1
v 46 1
e 0 1 0 0.327
e 1 2 0 0.202
e 2 3 0 0.503
e 3 4 0 0.053
e 4 5 0 0.502
e 5 6 0 0.064
e 6 7 0 0.625
e 7 8 0 0.198
e 8 9 0 0.082
e 9 10 0 0.398
e 10 11 0 0.086
e 11 12 0 0.062
e 12 13 0 0.673
e 13 14 0 0.009
e 14 15 0 0.191
e 15 16 0 0.228
e 16 17 0 0.155
e 17 18 0 0.204
e 18 19 0 0.371
e 19 20 0 0.148
e 20 21 0 0.209
e 21 22 0 0.087
e 22 23 0 0.015
e 23 24 0 0.191
e 24 25 0 0.456
e 25 26 0 0.201
e 26 27 0 0.078
e 27 28 0 0.537
e 28 29 0 0.441
e 29 30 0 0.230
e 30 31 0 0.536
e 31 32 0 0.177
e 32 33 0 0.081
e 33 34 0 0.368
e 34 35 0 0.048
e 35 36 0 0.109
e 36 37 0 0.300
e 37 38 0 0.999
e 38 39 0 0.231
e 39 40 0 0.036
e 40 41 0 0.122
e 41 42 0 0.061
e 42 43 0 0.999
e 43 44 0 0.038
e 44 45 0 0.428
e 45 46 0 0.493
t # 63
v 0 1
v 1 3
v 2 1
v 3 0
v 4 0
v 5 2
v 6 2
v 7 4
v 8 9
v 9 3
v 10 0
v 11 0
v 12 0
v 13 0
v 14 5
v 15 2
v 16 0
v 17 1
v 18 0
v 19 4
v 20 8
v 21 1
v 22 3
v 23 6
v 24 4
v 25 2
v 26 1
v 27 6
v 28 8
v 29 4
v 30 2
v 31 8
v 32 8
v 33 8
v 34 7
v 35 8
v 36 9
v 37 9
v 38 9
e 0 1 0 0.597
e 1 2 0 0.098
e 2 3 0 0.001
e 3 4 0 0.048
e 4 5 0 0.010
e 5 6 0 0.277
e 6 7 0 0.300
e 7 8 0 0.999
e 8 9 0 0.090
e 9 10 0 0.495
e 10 11 0 0.022
e 11 10 0 0.157
e 10 11 0 0.955
e 11 12 0 0.172
e 12 13 0 0.279
e 13 12 0 0.128
e 12 13 0 0.721
e 13 12 0 0.019
e 12 14 0 0.042
e 14 15 0 0.377
e 15 16 0 0.191
e 16 17 0 0.068
e 17 18 0 0.017
e 18 19 0 0.174
e 19 20 0 0.011
e 20 21 0 0.149
e 21 22 0 0.049
e 22 23 0 0.237
e 23 24 0 0.185
e 24 25 0 0.276
e 25 26 0 0.193
e 26 27 0 0.306
e 27 28 0 0.537
e 28 29 0 0.588
e 29 30 0 0.105
e 30 31 0 0.619
e 31 32 0 0.198
e 32 33 0 0.999
e 33 34 0 0.357
e 34 35 0 0.089
e 35 36 0 0.478
e 36 37 0 0.060
e 37 38 0 0.701
t # 64
v 0 0
v 1 2
v 2 4
v 3 7
v 4 7
v 5 7
v 6 7
v 7 7
v 8 6
v 9 8
v 10 5
v 11 1
v 12 4
v 13 5
v 14 3
v 15 4
v 16 3
v 17 4
e 0 1 0 0.748
e 1 2 0 0.042
e 2 3 0 0.263
e 3 4 0 0.150
e 4 5 0 0.323
e 5 6 0 0.078
e 6 7 0 0.160
e 7 8 0 0.446
e 8 9 0 0.746
e 9 10 0 0.221
e 10 11 0 0.222
e 11 12 0 0.028
e 12 13 0 0.289
e 13 14 0 0.346
e 14 15 0 0.491
e 15 16 0 0.335
e 16 17 0 0.081
t # 65
v 0 0
v 1 2
v 2 5
v 3 3
v 4 4
v 5 6
v 6 5
v 7 2
v 8 0
v 9 0
v 10 4
v 11 5
v 12 7
v 13 8
v 14 8
v 15 8
v 16 7
v 17 4
v 18 2
v 19 7
v 20 0
v 21 1
v 22 5
v 23 7
v 24 8
v 25 9
v 26 9
v 27 9
v 28 9
v 29 6
v 30 6
v 31 7
v 32 8
v 33 8
v 34 8
v 35 7
v 36 6
v 37 4
v 38 5
v 39 7
v 40 3
v 41 7
v 42 7
v 43 2
v 44 6
v 45 4
v 46 2
v 47 3
v 48 7
v 49 5
v 50 0
v 51 0
v 52 0
e 0 1 0 0.108
e 1 2 0 0.006
e 2 3 0 0.167
e 3 4 0 0.099
e 4 5 0 0.115
e 5 6 0 0.214
e 6 7 0 0.421
e 7 8 0 0.132
e 8 9 0 0.074
e 9 10 0 0.270
e 10 11 0 0.018
e 11 12 0 0.162
e 12 13 0 0.473
e 13 14 0 0.111
e 14 15 0 0.131
e 15 16 0 0.226
e 16 17 0 0.516
e 17 18 0 0.016
e 18 19 0 0.039
e 19 20 0 0.401
e 20 21 0 0.049
e 21 22 0 0.233
e 22 23 0 0.026
e 23 24 0 0.014
e 24 25 0 0.553
e 25 26 0 0.309
e 26 27 0 0.022
e 27 28 0 0.352
e 28 29 0 0.738
e 29 30 0 0.119
e 30 31 0 0.135
e 31 32 0 0.140
e 32 33 0 0.012
e 33 34 0 0.150
e 34 35 0 0.029
e 35 36 0 0.367
e 36 37 0 0.384
e 37 38 0 0.184
e 38 39 0 0.257
e 39 40 0 0.213
e 40 41 0 0.001
e 41 42 0 0.237
e 42 43 0 0.599
e 43 44 0 0.492
e 44 45 0 0.161
e 45 46 0 0.326
e 46 47 0 0.004
e 47 48 0 0.027
e 48 49 0 0.065
e 49 50 0 0.022
e 50 51 0 0.013
e 51 52 0 0.051
t # 66
v 0 1
v 1 2
v 2 3
v 3 2
v 4 4
v 5 5
v 6 5
v 7 0
v 8 0
v 9 4
v 10 4
v 11 5
v 12 4
v 13 2
v 14 3
v 15 3
v 16 2
v 17 2
v 18 0
v 19 0
v 20 2
v 21 1
v 22 3
v 23 5
v 24 5
v 25 1
v 26 0
v 27 7
v 28 0
v 29 2
v 30 6
v 31 3
v 32 4
v 33 4
v 34 1
v 35 3
v 36 6
v 37 8
v 38 9
v 39 9
v 40 9
e 0 1 0 0.111
e 1 2 0 0.105
e 2 3 0 0.046
e 3 4 0 0.983
e 4 5 0 0.158
e 5 6 0 0.063
e 6 7 0 0.097
e 7 8 0 0.359
e 8 9 0 0.362
e 9 10 0 0.195
e 10 11 0 0.124
e 11 12 0 0.999
e 12 13 0 0.071
e 13 14 0 0.210
e 14 15 0 0.073
e 15 16 0 0.250
e 16 17 0 0.162
e 17 18 0 0.048
e 18 19 0 0.431
e 19 20 0 0.305
e 20 21 0 0.217
e 21 22 0 0.038
e 22 23 0 0.127
e 23 24 0 0.773
e 24 25 0 0.090
e 25 26 0 0.107
e 26 27 0 0.999
e 27 28 0 0.232
e 28 29 0 0.383
e 29 30 0 0.281
e 30 31 0 0.347
e 31 32 0 0.071
e 32 33 0 0.788
e 33 34 0 0.038
e 34 35 0 0.181
e 35 36 0 0.738
e 36 37 0 0.236
e 37 38 0 0.011
e 38 39 0 0.418
e 39 40 0 0.313
t # 67
v 0 0
v 1 7
v 2 6
v 3 6
v 4 8
v 5 7
v 6 8
v 7 9
e 0 1 0 0.166
e 1 2 0 0.115
e 2 3 0 0.078
e 3 4 0 0.486
e 4 5 0 0.047
e 5 6 0 0.328
e 6 7 0 0.999
t # 68
v 0 0
v 1 0
v 2 5
v 3 5
v 4 8
v 5 8
v 6 9
v 7 9
v 8 9
v 9 9
v 10 9
v 11 9
v 12 9
v 13 9
v 14 9
v 15 9
v 16 9
v 17 8
v 18 9
v 19 8
v 20 9
v 21 9
v 22 8
v 23 2
v 24 2
v 25 1
v 26 3
v 27 3
v 28 0
e 0 1 0 0.309
e 1 0 0 0.999
e 0 1 0 0.079
e 1 2 0 0.076
e 2 3 0 0.564
e 3 4 0 0.027
e 4 5 0 0.114
e 5 6 0 0.454
e 6 7 0 0.328
e 7 8 0 0.824
e 8 9 0 0.310
e 9 10 0 0.233
e 10 11 0 0.700
e 11 12 0 0.080
e 12 13 0 0.027
e 13 14 0 0.213
e 14 15 0 0.089
e 15 16 0 0.034
e 16 17 0 0.133
e 17 18 0 0.042
e 18 19 0 0.142
e 19 20 0 0.085
e 20 21 0 0.046
e 21 22 0 0.186
e 22 23 0 0.026
e 23 24 0 0.054
e 24 25 0 0.012
e 25 26 0 0.304
e 26 27 0 0.048
e 27 28 0 0.371
t # 69
v 0 1
v 1 1
v 2 2
v 3 5
v 4 0
v 5 3
v 6 0
v 7 5
v 8 3
v 9 4
v 10 4
v 11 1
v 12 3
v 13 6
v 14 8
v 15 9
v 16 8
v 17 7
v 18 7
v 19 4
v 20 0
v 21 6
v 22 2
v 23 0
v 24 1
v 25 2
e 0 1 0 0.344
e 1 2 0 0.117
e 2 3 0 0.111
e 3 4 0 0.027
e 4 5 0 0.029
e 5 6 0 0.120
e 6 7 0 0.059
e 7 8 0 0.085
e 8 9 0 0.069
e 9 10 0 0.180
e 10 11 0 0.018
e 11 12 0 0.198
e 12 13 0 0.683
e 13 14 0 0.589
e 14 15 0 0.486
e 15 16 0 0.089
e 16 17 0 0.433
e 17 18 0 0.233
e 18 19 0 0.116
e 19 20 0 0.063
e 20 21 0 0.345
e 21 22 0 0.445
e 22 23 0 0.315
e 23 24 0 0.002
e 24 25 0 0.022
t # 70
v 0 1
v 1 5
v 2 4
v 3 2
v 4 6
v 5 6
v 6 4
v 7 8
v 8 7
v 9 4
v 10 6
v 11 7
v 12 6
v 13 7
v 14 9
v 15 8
v 16 9
v 17 9
v 18 6
v 19 6
v 20 2
v 21 3
v 22 8
v 23 6
v 24 2
v 25 6
v 26 8
v 27 6
v 28 7
v 29 8
v 30 7
v 31 1
v 32 5
v 33 6
v 34 5
v 35 5
v 36 5
v 37 7
v 38 6
v 39 3
v 40 5
e 0 1 0 0.577
e 1 2 0 0.232
e 2 3 0 0.005
e 3 4 0 0.155
e 4 5 0 0.172
e 5 6 0 0.685
e 6 7 0 0.391
e 7 8 0 0.018
e 8 9 0 0.087
e 9 10 0 0.561
e 10 11 0 0.281
e 11 12 0 0.106
e 12 13 0 0.199
e 13 14 0 0.045
e 14 15 0 0.371
e 15 16 0 0.108
e 16 17 0 0.044
e 17 18 0 0.248
e 18 19 0 0.082
e 19 20 0 0.999
e 20 21 0 0.809
e 21 22 0 0.182
e 22 23 0 0.422
e 23 24 0 0.481
e 24 25 0 0.109
e 25 26 0 0.015
e 26 27 0 0.149
e 27 28 0 0.193
e 28 29 0 0.217
e 29 30 0 0.093
e 30 31 0 0.126
e 31 32 0 0.091
e 32 33 0 0.135
e 33 34 0 0.308
e 34 35 0 0.465
e 35 36 0 0.243
e 36 37 0 0.213
e 37 38 0 0.127
e 38 39 0 0.766
e 39 40 0 0.135
t # 71
v 0 0
v 1 0
v 2 3
v 3 4
v 4 2
v 5 1
v 6 0
v 7 5
v 8 4
v 9 5
v 10 8
v 11 9
v 12 9
v 13 9
v 14 9
v 15 9
v 16 9
e 0 1 0 0.394
e 1 0 0 0.057
e 0 2 0 0.076
e 2 3 0 0.167
e 3 4 0 0.999
e 4 5 0 0.194
e 5 6 0 0.343
e 6 7 0 0.180
e 7 8 0 0.070
e 8 9 0 0.417
e 9 10 0 0.120
e 10 11 0 0.056
e 11 12 0 0.670
e 12 13 0 0.971
e 13 14 0 0.165
e 14 15 0 0.201
e 15 16 0 0.265
t # 72
v 0 1
v 1 4
v 2 2
v 3 2
v 4 1
v 5 3
v 6 6
v 7 2
v 8 5
v 9 3
v 10 6
v 11 3
v 12 1
v 13 4
v 14 8
v 15 3
v 16 7
v 17 0
v 18 1
v 19 0
v 20 0
e 0 1 0 0.041
e 1 2 0 0.531
e 2 3 0 0.999
e 3 4 0 0.186
e 4 5 0 0.381
e 5 6 0 0.026
e 6 7 0 0.059
e 7 8 0 0.071
e 8 9 0 0.044
e 9 10 0 0.737
e 10 11 0 0.701
e 11 12 0 0.303
e 12 13 0 0.008
e 13 14 0 0.324
e 14 15 0 0.143
e 15 16 0 0.023
e 16 17 0 0.770
e 17 18 0 0.404
e 18 19 0 0.999
e 19 20 0 0.119
t # 73
v 0 2
v 1 5
v 2 8
v 3 7
v 4 8
v 5 3
v 6 1
v 7 5
v 8 9
v 9 9
v 10 9
v 11 9
v 12 9
v 13 9
v 14 9
v 15 9
v 16 9
v 17 9
v 18 6
v 19 8
v 20 9
v 21 9
v 22 9
v 23 9
v 24 9
v 25 8
v 26 3
v 27 4
v 28 0
v 29 0
e 0 1 0 0.596
e 1 2 0 0.999
e 2 3 0 0.203
e 3 4 0 0.063
e 4 5 0 0.132
e 5 6 0 0.999
e 6 7 0 0.014
e 7 8 0 0.064
e 8 9 0 0.519
e 9 10 0 0.405
e 10 11 0 0.040
e 11 12 0 0.166
e 12 13 0 0.735
e 13 14 0 0.128
e 14 15 0 0.118
e 15 16 0 0.125
e 16 17 0 0.167
e 17 18 0 0.228
e 18 19 0 0.049
e 19 20 0 0.408
e 20 21 0 0.370
e 21 22 0 0.125
e 22 23 0 0.115
e 23 24 0 0.038
e 24 25 0 0.712
e 25 26 0 0.245
e 26 27 0 0.653
e 27 28 0 0.023
e 28 29 0 0.361
t # 74
v 0 3
v 1 1
v 2 6
v 3 8
v 4 8
v 5 5
v 6 6
v 7 6
v 8 6
v 9 9
v 10 8
v 11 9
v 12 9
v 13 8
v 14 8
v 15 6
v 16 3
v 17 1
v 18 7
v 19 7
v 20 0
v 21 6
v 22 7
v 23 8
v 24 0
v 25 2
v 26 5
v 27 3
v 28 1
v 29 1
v 30 0
e 0 1 0 0.241
e 1 0 0 0.033
e 0 2 0 0.208
e 2 3 0 0.101
e 3 4 0 0.062
e 4 5 0 0.067
e 5 6 0 0.402
e 6 7 0 0.275
e 7 8 0 0.355
e 8 9 0 0.058
e 9 10 0 0.014
e 10 11 0 0.068
e 11 12 0 0.171
e 12 13 0 0.381
e 13 14 0 0.142
e 14 15 0 0.593
e 15 16 0 0.595
e 16 17 0 0.999
e 17 18 0 0.157
e 18 19 0 0.402
e 19 20 0 0.009
e 20 21 0 0.087
e 21 22 0 0.345
e 22 23 0 0.343
e 23 24 0 0.304
e 24 25 0 0.169
e 25 26 0 0.179
e 26 27 0 0.143
e 27 28 0 0.094
e 28 29 0 0.023
e 29 30 0 0.237
t # 75
v 0 1
v 1 4
v 2 2
v 3 0
v 4 2
v 5 3
v 6 0
v 7 2
v 8 5
v 9 2
v 10 1
v 11 0
v 12 1
v 13 4
v 14 6
v 15 8
v 16 7
v 17 1
v 18 4
v 19 4
v 20 6
v 21 0
e 0 1 0 0.436
e 1 2 0 0.058
e 2 3 0 0.280
e 3 4 0 0.114
e 4 5 0 0.029
e 5 6 0 0.021
e 6 7 0 0.304
e 7 8 0 0.114
e 8 9 0 0.022
e 9 10 0 0.663
e 10 11 0 0.023
e 11 12 0 0.089
e 12 13 0 0.019
e 13 14 0 0.957
e 14 15 0 0.294
e 15 16 0 0.295
e 16 17 0 0.065
e 17 18 0 0.139
e 18 19 0 0.216
e 19 20 0 0.237
e 20 21 0 0.106
t # 76
v 0 0
v 1 2
v 2 4
v 3 4
v 4 1
v 5 0
v 6 1
v 7 2
v 8 8
v 9 8
v 10 4
v 11 5
v 12 4
v 13 5
v 14 7
v 15 3
v 16 8
v 17 3
v 18 8
v 19 9
v 20 9
e 0 1 0 0.125
e 1 2 0 0.059
e 2 3 0 0.319
e 3 4 0 0.027
e 4 5 0 0.332
e 5 6 0 0.150
e 6 7 0 0.514
e 7 8 0 0.007
e 8 9 0 0.623
e 9 10 0 0.124
e 10 11 0 0.194
e 11 12 0 0.212
e 12 13 0 0.191
e 13 14 0 0.321
e 14 15 0 0.204
e 15 16 0 0.153
e 16 17 0 0.078
e 17 18 0 0.313
e 18 19 0 0.072
e 19 20 0 0.312
t # 77
v 0 1
v 1 4
v 2 3
v 3 2
v 4 1
v 5 0
v 6 5
v 7 3
v 8 2
v 9 0
v 10 2
v 11 3
v 12 0
v 13 2
v 14 6
v 15 1
v 16 1
v 17 6
v 18 6
e 0 1 0 0.414
e 1 2 0 0.291
e 2 3 0 0.025
e 3 4 0 0.999
e 4 5 0 0.264
e 5 6 0 0.014
e 6 7 0 0.786
e 7 8 0 0.038
e 8 9 0 0.143
e 9 10 0 0.155
e 10 9 0 0.102
e 9 10 0 0.120
e 10 11 0 0.482
e 11 12 0 0.212
e 12 13 0 0.122
e 13 14 0 0.196
e 14 15 0 0.014
e 15 16 0 0.116
e 16 17 0 0.524
e 17 18 0 0.096
t # 78
v 0 0
v 1 2
v 2 3
v 3 7
v 4 6
v 5 3
v 6 8
v 7 8
v 8 9
v 9 9
v 10 9
v 11 9
v 12 9
v 13 9
v 14 9
v 15 9
v 16 8
v 17 4
v 18 8
v 19 8
v 20 3
v 21 4
v 22 1
v 23 1
v 24 0
v 25 1
v 26 0
v 27 5
v 28 0
v 29 0
v 30 5
v 31 0
v 32 0
v 33 3
v 34 5
v 35 1
v 36 1
v 37 6
v 38 4
v 39 3
v 40 5
v 41 3
v 42 5
v 43 8
v 44 1
v 45 8
v 46 8
v 47 8
v 48 9
v 49 9
v 50 8
e 0 1 0 0.013
e 1 2 0 0.014
e 2 3 0 0.125
e 3 4 0 0.388
e 4 5 0 0.148
e 5 6 0 0.128
e 6 7 0 0.093
e 7 8 0 0.084
e 8 9 0 0.463
e 9 10 0 0.008
e 10 11 0 0.022
e 11 12 0 0.089
e 12 13 0 0.999
e 13 14 0 0.028
e 14 15 0 0.224
e 15 16 0 0.414
e 16 17 0 0.493
e 17 18 0 0.196
e 18 19 0 0.278
e 19 20 0 0.608
e 20 21 0 0.435
e 21 22 0 0.023
e 22 23 0 0.164
e 23 24 0 0.050
e 24 25 0 0.511
e 25 26 0 0.022
e 26 27 0 0.470
e 27 28 0 0.335
e 28 29 0 0.486
e 29 28 0 0.015
e 28 29 0 0.333
e 29 30 0 0.415
e 30 31 0 0.203
e 31 32 0 0.036
e 32 33 0 0.219
e 33 34 0 0.071
e 34 35 0 0.353
e 35 36 0 0.033
e 36 37 0 0.930
e 37 38 0 0.351
e 38 39 0 0.385
e 39 40 0 0.019
e 40 41 0 0.284
e 41 42 0 0.066
e 42 43 0 0.149
e 43 44 0 0.359
e 44 45 0 0.060
e 45 46 0 0.308
e 46 47 0 0.107
e 47 48 0 0.008
e 48 49 0 0.381
e 49 50 0 0.333
t # 79
v 0 7
v 1 6
v 2 1
v 3 3
v 4 6
v 5 8
v 6 9
v 7 9
v 8 9
v 9 8
v 10 7
v 11 7
v 12 4
v 13 4
v 14 6
v 15 7
v 16 2
v 17 0
v 18 0
v 19 5
v 20 4
v 21 3
v 22 5
v 23 1
v 24 0
e 0 1 0 0.057
e 1 2 0 0.184
e 2 3 0 0.205
e 3 4 0 0.030
e 4 5 0 0.515
e 5 6 0 0.092
e 6 7 0 0.058
e 7 8 0 0.266
e 8 9 0 0.082
e 9 10 0 0.428
e 10 11 0 0.367
e 11 12 0 0.125
e 12 13 0 0.261
e 13 14 0 0.029
e 14 15 0 0.163
e 15 16 0 0.432
e 16 17 0 0.855
e 17 18 0 0.157
e 18 19 0 0.015
e 19 20 0 0.000
e 20 21 0 0.211
e 21 22 0 0.300
e 22 23 0 0.030
e 23 24 0 0.142
t # 80
v 0 2
v 1 4
v 2 5
v 3 6
v 4 1
v 5 7
v 6 4
v 7 4
v 8 7
v 9 7
v 10 5
v 11 2
v 12 9
v 13 9
v 14 9
v 15 9
v 16 9
v 17 9
e 0 1 0 0.111
e 1 2 0 0.682
e 2 3 0 0.005
e 3 4 0 0.455
e 4 5 0 0.003
e 5 6 0 0.044
e 6 7 0 0.039
e 7 8 0 0.287
e 8 9 0 0.321
e 9 10 0 0.094
e 10 11 0 0.943
e 11 12 0 0.017
e 12 13 0 0.276
e 13 14 0 0.213
e 14 15 0 0.057
e 15 16 0 0.852
e 16 17 0 0.492
t # 81
v 0 0
v 1 0
v 2 2
v 3 4
v 4 7
v 5 7
v 6 6
v 7 5
v 8 9
v 9 9
v 10 9
v 11 9
v 12 9
v 13 9
v 14 9
v 15 9
v 16 9
v 17 8
v 18 9
v 19 9
v 20 9
v 21 9
v 22 9
v 23 1
v 24 9
v 25 9
v 26 8
v 27 0
v 28 2
v 29 8
v 30 5
v 31 3
v 32 0
v 33 0
v 34 0
e 0 1 0 0.159
e 1 2 0 0.541
e 2 3 0 0.139
e 3 4 0 0.012
e 4 5 0 0.181
e 5 6 0 0.386
e 6 7 0 0.070
e 7 8 0 0.044
e 8 9 0 0.999
e 9 10 0 0.063
e 10 11 0 0.102
e 11 12 0 0.184
e 12 13 0 0.181
e 13 14 0 0.360
e 14 15 0 0.048
e 15 16 0 0.241
e 16 17 0 0.428
e 17 18 0 0.532
e 18 19 0 0.313
e 19 20 0 0.325
e 20 21 0 0.186
e 21 22 0 0.808
e 22 23 0 0.020
e 23 24 0 0.169
e 24 25 0 0.528
e 25 26 0 0.308
e 26 27 0 0.180
e 27 28 0 0.112
e 28 29 0 0.700
e 29 30 0 0.434
e 30 31 0 0.478
e 31 32 0 0.220
e 32 33 0 0.294
e 33 34 0 0.209
e 34 33 0 0.294
t # 82
v 0 1
v 1 1
v 2 1
v 3 5
v 4 4
v 5 7
v 6 8
v 7 8
v 8 8
v 9 8
v 10 8
v 11 7
v 12 7
v 13 7
v 14 8
v 15 7
v 16 4
v 17 4
v 18 7
v 19 8
v 20 9
v 21 9
v 22 9
v 23 9
v 24 9
v 25 9
v 26 9
v 27 9
v 28 9
v 29 9
v 30 9
e 0 1 0 0.162
e 1 2 0 0.004
e 2 3 0 0.050
e 3 4 0 0.043
e 4 5 0 0.132
e 5 6 0 0.074
e 6 7 0 0.171
e 7 8 0 0.723
e 8 9 0 0.215
e 9 10 0 0.424
e 10 11 0 0.195
e 11 12 0 0.028
e 12 13 0 0.074
e 13 14 0 0.015
e 14 15 0 0.421
e 15 16 0 0.763
e 16 17 0 0.169
e 17 18 0 0.335
e 18 19 0 0.206
e 19 20 0 0.229
e 20 21 0 0.057
e 21 22 0 0.126
e 22 23 0 0.513
e 23 24 0 0.374
e 24 25 0 0.256
e 25 26 0 0.186
e 26 27 0 0.333
e 27 28 0 0.122
e 28 29 0 0.199
e 29 30 0 0.501
t # 83
v 0 2
v 1 5
v 2 5
v 3 4
v 4 4
v 5 8
v 6 8
v 7 7
v 8 7
v 9 9
v 10 9
v 11 5
v 12 6
v 13 8
v 14 8
v 15 8
v 16 8
v 17 7
v 18 6
v 19 6
v 20 8
v 21 5
v 22 4
v 23 6
v 24 7
v 25 2
v 26 3
v 27 4
v 28 4
v 29 2
v 30 4
v 31 3
v 32 7
v 33 5
v 34 0
v 35 0
v 36 0
v 37 4
v 38 5
v 39 6
v 40 6
e 0 1 0 0.217
e 1 2 0 0.045
e 2 3 0 0.242
e 3 4 0 0.323
e 4 5 0 0.056
e 5 6 0 0.314
e 6 7 0 0.374
e 7 8 0 0.077
e 8 9 0 0.093
e 9 10 0 0.234
e 10 11 0 0.021
e 11 12 0 0.282
e 12 13 0 0.302
e 13 14 0 0.527
e 14 15 0 0.961
e 15 16 0 0.677
e 16 17 0 0.022
e 17 18 0 0.012
e 18 19 0 0.147
e 19 20 0 0.781
e 20 21 0 0.083
e 21 22 0 0.058
e 22 23 0 0.062
e 23 24 0 0.551
e 24 25 0 0.240
e 25 26 0 0.130
e 26 27 0 0.020
e 27 28 0 0.334
e 28 29 0 0.214
e 29 30 0 0.011
e 30 31 0 0.106
e 31 32 0 0.196
e 32 33 0 0.677
e 33 34 0 0.646
e 34 35 0 0.650
e 35 36 0 0.314
e 36 35 0 0.016
e 35 37 0 0.010
e 37 38 0 0.115
e 38 39 0 0.920
e 39 40 0 0.244
t # 84
v 0 2
v 1 2
v 2 0
v 3 3
v 4 5
v 5 4
v 6 1
v 7 1
v 8 1
v 9 1
v 10 4
v 11 1
v 12 6
v 13 6
v 14 8
v 15 5
v 16 7
v 17 8
v 18 1
v 19 5
v 20 4
v 21 7
v 22 7
v 23 2
v 24 3
v 25 1
v 26 0
e 0 1 0 0.253
e 1 2 0 0.914
e 2 3 0 0.064
e 3 4 0 0.053
e 4 5 0 0.061
e 5 6 0 0.038
e 6 7 0 0.373
e 7 8 0 0.066
e 8 9 0 0.069
e 9 10 0 0.248
e 10 11 0 0.067
e 11 12 0 0.136
e 12 13 0 0.184
e 13 14 0 0.276
e 14 15 0 0.399
e 15 16 0 0.499
e 16 17 0 0.223
e 17 18 0 0.124
e 18 19 0 0.094
e 19 20 0 0.169
e 20 21 0 0.043
e 21 22 0 0.803
e 22 23 0 0.168
e 23 24 0 0.033
e 24 25 0 0.312
e 25 26 0 0.090
t # 85
v 0 1
v 1 2
v 2 1
v 3 0
v 4 2
v 5 3
v 6 2
v 7 4
v 8 6
v 9 9
v 10 5
v 11 3
v 12 6
v 13 0
v 14 3
v 15 6
v 16 8
v 17 8
v 18 8
v 19 5
v 20 6
v 21 6
v 22 6
v 23 4
v 24 6
v 25 6
v 26 8
v 27 7
v 28 7
v 29 8
v 30 8
v 31 6
v 32 2
v 33 2
v 34 2
e 0 1 0 0.020
e 1 2 0 0.195
e 2 3 0 0.614
e 3 4 0 0.084
e 4 5 0 0.251
e 5 6 0 0.262
e 6 7 0 0.139
e 7 8 0 0.063
e 8 9 0 0.550
e 9 10 0 0.370
e 10 11 0 0.121
e 11 12 0 0.060
e 12 13 0 0.293
e 13 14 0 0.313
e 14 15 0 0.326
e 15 16 0 0.257
e 16 17 0 0.249
e 17 18 0 0.103
e 18 19 0 0.148
e 19 20 0 0.122
e 20 21 0 0.131
e 21 22 0 0.503
e 22 23 0 0.999
e 23 24 0 0.523
e 24 25 0 0.007
e 25 26 0 0.367
e 26 27 0 0.098
e 27 28 0 0.642
e 28 29 0 0.154
e 29 30 0 0.757
e 30 31 0 0.101
e 31 32 0 0.094
e 32 33 0 0.450
e 33 34 0 0.143
t # 86
v 0 1
v 1 3
v 2 4
v 3 7
v 4 7
v 5 2
v 6 0
v 7 4
v 8 4
v 9 5
v 10 1
v 11 6
v 12 4
v 13 6
v 14 5
v 15 0
v 16 5
v 17 7
v 18 4
v 19 1
v 20 3
v 21 6
v 22 0
e 0 1 0 0.127
e 1 2 0 0.158
e 2 3 0 0.172
e 3 4 0 0.527
e 4 5 0 0.067
e 5 6 0 0.118
e 6 7 0 0.052
e 7 8 0 0.065
e 8 9 0 0.295
e 9 10 0 0.392
e 10 11 0 0.186
e 11 12 0 0.081
e 12 13 0 0.999
e 13 14 0 0.044
e 14 15 0 0.326
e 15 16 0 0.249
e 16 17 0 0.433
e 17 18 0 0.331
e 18 19 0 0.052
e 19 20 0 0.064
e 20 21 0 0.171
e 21 22 0 0.194
t # 87
v 0 5
v 1 2
v 2 1
v 3 3
v 4 0
v 5 1
v 6 1
v 7 4
v 8 3
v 9 4
v 10 2
v 11 6
v 12 1
v 13 7
v 14 6
v 15 0
v 16 1
v 17 6
v 18 8
v 19 7
v 20 3
v 21 8
v 22 3
v 23 1
v 24 5
v 25 7
v 26 9
v 27 7
v 28 9
v 29 8
v 30 8
v 31 3
v 32 2
v 33 3
v 34 3
v 35 2
v 36 0
e 0 1 0 0.778
e 1 2 0 0.178
e 2 3 0 0.020
e 3 4 0 0.055
e 4 5 0 0.537
e 5 6 0 0.482
e 6 3 0 0.355
e 3 7 0 0.023
e 7 8 0 0.018
e 8 9 0 0.094
e 9 10 0 0.041
e 10 11 0 0.061
e 11 12 0 0.434
e 12 13 0 0.002
e 13 14 0 0.098
e 14 15 0 0.463
e 15 16 0 0.063
e 16 17 0 0.363
e 17 18 0 0.443
e 18 19 0 0.242
e 19 20 0 0.086
e 20 21 0 0.025
e 21 22 0 0.379
e 22 23 0 0.228
e 23 24 0 0.158
e 24 25 0 0.380
e 25 26 0 0.246
e 26 27 0 0.240
e 27 28 0 0.011
e 28 29 0 0.231
e 29 30 0 0.363
e 30 31 0 0.072
e 31 32 0 0.030
e 32 33 0 0.086
e 33 34 0 0.011
e 34 35 0 0.132
e 35 36 0 0.167
t # 88
v 0 1
v 1 4
v 2 2
v 3 6
v 4 4
v 5 6
v 6 1
v 7 3
v 8 4
v 9 7
v 10 4
v 11 1
v 12 3
v 13 4
v 14 7
v 15 4
v 16 1
v 17 6
v 18 5
v 19 6
v 20 3
v 21 8
v 22 7
v 23 8
v 24 8
v 25 6
v 26 4
v 27 1
v 28 1
e 0 1 0 0.466
e 1 2 0 0.225
e 2 3 0 0.080
e 3 4 0 0.062
e 4 5 0 0.838
e 5 6 0 0.011
e 6 7 0 0.421
e 7 8 0 0.227
e 8 9 0 0.478
e 9 10 0 0.169
e 10 11 0 0.637
e 11 12 0 0.112
e 12 13 0 0.218
e 13 14 0 0.905
e 14 15 0 0.018
e 15 16 0 0.090
e 16 17 0 0.062
e 17 18 0 0.066
e 18 19 0 0.604
e 19 20 0 0.044
e 20 21 0 0.124
e 21 22 0 0.341
e 22 23 0 0.081
e 23 24 0 0.262
e 24 25 0 0.139
e 25 26 0 0.030
e 26 27 0 0.001
e 27 28 0 0.046
t # 89
v 0 2
v 1 3
v 2 3
v 3 5
v 4 2
v 5 1
v 6 1
v 7 3
v 8 3
v 9 3
v 10 1
v 11 0
v 12 0
v 13 5
v 14 4
v 15 2
v 16 3
v 17 1
v 18 3
v 19 1
v 20 2
v 21 2
v 22 0
v 23 0
v 24 3
v 25 1
v 26 2
e 0 1 0 0.999
e 1 2 0 0.351
e 2 3 0 0.027
e 3 4 0 0.017
e 4 5 0 0.004
e 5 6 0 0.693
e 6 7 0 0.307
e 7 8 0 0.031
e 8 9 0 0.135
e 9 10 0 0.541
e 10 11 0 0.725
e 11 12 0 0.135
e 12 13 0 0.007
e 13 14 0 0.050
e 14 15 0 0.135
e 15 16 0 0.687
e 16 17 0 0.028
e 17 18 0 0.133
e 18 19 0 0.050
e 19 20 0 0.357
e 20 21 0 0.691
e 21 22 0 0.061
e 22 23 0 0.260
e 23 24 0 0.015
e 24 25 0 0.492
e 25 26 0 0.370
t # 90
v 0 0
v 1 2
v 2 4
v 3 2
v 4 3
v 5 2
v 6 2
v 7 3
v 8 3
v 9 1
v 10 1
v 11 3
v 12 0
v 13 2
v 14 4
v 15 6
v 16 1
v 17 2
v 18 6
v 19 1
v 20 4
v 21 4
v 22 6
v 23 6
v 24 5
v 25 1
v 26 1
v 27 1
v 28 4
v 29 1
v 30 7
v 31 4
v 32 6
v 33 6
v 34 6
v 35 1
v 36 0
e 0 1 0 0.269
e 1 2 0 0.300
e 2 3 0 0.741
e 3 4 0 0.285
e 4 5 0 0.020
e 5 6 0 0.306
e 6 7 0 0.999
e 7 8 0 0.046
e 8 9 0 0.474
e 9 10 0 0.119
e 10 11 0 0.506
e 11 12 0 0.022
e 12 13 0 0.265
e 13 14 0 0.036
e 14 15 0 0.026
e 15 16 0 0.261
e 16 17 0 0.293
e 17 18 0 0.346
e 18 19 0 0.131
e 19 20 0 0.589
e 20 21 0 0.565
e 21 22 0 0.239
e 22 23 0 0.144
e 23 24 0 0.677
e 24 25 0 0.155
e 25 26 0 0.037
e 26 27 0 0.620
e 27 28 0 0.020
e 28 29 0 0.279
e 29 30 0 0.611
e 30 31 0 0.426
e 31 32 0 0.297
e 32 33 0 0.038
e 33 34 0 0.293
e 34 35 0 0.015
e 35 36 0 0.594
t # 91
v 0 0
v 1 1
v 2 0
v 3 3
v 4 2
v 5 6
v 6 7
v 7 4
v 8 6
v 9 8
v 10 5
v 11 6
v 12 8
v 13 8
v 14 9
v 15 9
v 16 9
v 17 9
v 18 7
v 19 1
v 20 7
v 21 9
v 22 9
v 23 9
v 24 9
v 25 9
v 26 9
v 27 9
e 0 1 0 0.432
e 1 2 0 0.322
e 2 3 0 0.193
e 3 4 0 0.021
e 4 5 0 0.136
e 5 6 0 0.187
e 6 7 0 0.033
e 7 8 0 0.010
e 8 9 0 0.520
e 9 10 0 0.019
e 10 11 0 0.449
e 11 12 0 0.091
e 12 13 0 0.444
e 13 14 0 0.033
e 14 15 0 0.063
e 15 16 0 0.357
e 16 17 0 0.105
e 17 18 0 0.225
e 18 19 0 0.034
e 19 20 0 0.270
e 20 21 0 0.138
e 21 22 0 0.137
e 22 23 0 0.371
e 23 24 0 0.015
e 24 25 0 0.208
e 25 26 0 0.023
e 26 27 0 0.156
t # 92
v 0 0
v 1 1
v 2 1
v 3 0
v 4 2
v 5 2
v 6 3
v 7 0
v 8 1
v 9 4
v 10 5
v 11 4
v 12 5
v 13 6
v 14 6
v 15 8
v 16 7
v 17 2
v 18 9
v 19 8
v 20 8
v 21 9
v 22 4
v 23 4
e 0 1 0 0.891
e 1 2 0 0.022
e 2 3 0 0.505
e 3 4 0 0.116
e 4 5 0 0.265
e 5 6 0 0.096
e 6 7 0 0.178
e 7 8 0 0.275
e 8 9 0 0.126
e 9 10 0 0.421
e 10 11 0 0.606
e 11 12 0 0.102
e 12 13 0 0.230
e 13 14 0 0.097
e 14 15 0 0.051
e 15 16 0 0.069
e 16 17 0 0.246
e 17 18 0 0.078
e 18 19 0 0.023
e 19 20 0 0.233
e 20 21 0 0.860
e 21 22 0 0.151
e 22 23 0 0.210
t # 93
v 0 0
v 1 3
v 2 4
v 3 6
v 4 3
v 5 1
v 6 3
v 7 2
v 8 0
v 9 1
v 10 2
v 11 9
v 12 6
v 13 3
v 14 4
v 15 7
v 16 6
v 17 1
v 18 0
v 19 6
v 20 4
v 21 0
v 22 2
v 23 3
v 24 2
v 25 4
e 0 1 0 0.025
e 1 2 0 0.015
e 2 3 0 0.358
e 3 4 0 0.078
e 4 5 0 0.376
e 5 6 0 0.188
e 6 7 0 0.173
e 7 8 0 0.225
e 8 9 0 0.312
e 9 10 0 0.018
e 10 11 0 0.059
e 11 12 0 0.999
e 12 13 0 0.069
e 13 14 0 0.190
e 14 15 0 0.004
e 15 16 0 0.757
e 16 17 0 0.570
e 17 18 0 0.999
e 18 19 0 0.263
e 19 20 0 0.016
e 20 21 0 0.067
e 21 22 0 0.055
e 22 23 0 0.005
e 23 24 0 0.109
e 24 25 0 0.161
t # 94
v 0 6
v 1 0
v 2 5
e 0 1 0 0.517
e 1 2 0 0.307
t # 95
v 0 0
v 1 0
v 2 4
v 3 0
v 4 1
v 5 1
v 6 3
v 7 7
v 8 9
v 9 9
v 10 8
v 11 9
v 12 9
e 0 1 0 0.491
e 1 2 0 0.166
e 2 3 0 0.157
e 3 4 0 0.377
e 4 5 0 0.068
e 5 6 0 0.086
e 6 7 0 0.576
e 7 8 0 0.559
e 8 9 0 0.384
e 9 10 0 0.913
e 10 11 0 0.067
e 11 12 0 0.604
t # 96
v 0 0
v 1 0
v 2 2
v 3 5
v 4 6
v 5 6
v 6 5
v 7 2
v 8 3
v 9 5
v 10 7
v 11 2
v 12 6
v 13 1
v 14 6
v 15 8
v 16 8
v 17 6
v 18 8
v 19 9
v 20 9
v 21 5
v 22 6
v 23 9
v 24 6
v 25 7
v 26 4
v 27 8
v 28 6
v 29 4
v 30 3
v 31 0
v 32 0
v 33 0
e 0 1 0 0.043
e 1 2 0 0.000
e 2 3 0 0.070
e 3 4 0 0.120
e 4 5 0 0.097
e 5 6 0 0.051
e 6 7 0 0.025
e 7 8 0 0.037
e 8 9 0 0.964
e 9 10 0 0.814
e 10 11 0 0.269
e 11 12 0 0.042
e 12 13 0 0.052
e 13 14 0 0.023
e 14 15 0 0.048
e 15 16 0 0.164
e 16 17 0 0.225
e 17 18 0 0.216
e 18 19 0 0.095
e 19 20 0 0.277
e 20 21 0 0.014
e 21 22 0 0.502
e 22 23 0 0.139
e 23 24 0 0.426
e 24 25 0 0.347
e 25 26 0 0.516
e 26 27 0 0.054
e 27 28 0 0.208
e 28 29 0 0.212
e 29 30 0 0.734
e 30 31 0 0.334
e 31 32 0 0.333
e 32 33 0 0.063
e 33 32 0 0.012
t # 97
v 0 0
v 1 1
v 2 4
v 3 2
v 4 0
v 5 4
v 6 1
v 7 4
v 8 5
v 9 4
v 10 7
v 11 7
v 12 1
v 13 4
v 14 6
v 15 9
v 16 7
v 17 6
v 18 1
v 19 3
v 20 1
v 21 1
v 22 1
v 23 0
v 24 0
v 25 3
v 26 2
v 27 8
v 28 8
v 29 8
v 30 7
v 31 4
v 32 9
v 33 9
v 34 9
e 0 1 0 0.293
e 1 2 0 0.494
e 2 3 0 0.178
e 3 4 0 0.341
e 4 5 0 0.019
e 5 6 0 0.362
e 6 7 0 0.318
e 7 8 0 0.325
e 8 9 0 0.089
e 9 10 0 0.898
e 10 11 0 0.528
e 11 12 0 0.999
e 12 13 0 0.086
e 13 14 0 0.167
e 14 15 0 0.149
e 15 16 0 0.351
e 16 17 0 0.018
e 17 18 0 0.017
e 18 19 0 0.309
e 19 20 0 0.136
e 20 21 0 0.841
e 21 22 0 0.194
e 22 23 0 0.314
e 23 24 0 0.255
e 24 25 0 0.033
e 25 26 0 0.295
e 26 27 0 0.003
e 27 28 0 0.248
e 28 29 0 0.099
e 29 30 0 0.215
e 30 31 0 0.204
e 31 32 0 0.152
e 32 33 0 0.110
e 33 34 0 0.445
t # 98
v 0 3
v 1 0
v 2 7
v 3 7
v 4 8
v 5 9
v 6 8
v 7 6
v 8 8
v 9 9
v 10 8
v 11 5
v 12 1
v 13 4
v 14 1
v 15 0
v 16 3
v 17 5
v 18 5
v 19 0
v 20 0
e 0 1 0 0.491
e 1 2 0 0.264
e 2 3 0 0.169
e 3 4 0 0.045
e 4 5 0 0.028
e 5 6 0 0.282
e 6 7 0 0.286
e 7 8 0 0.082
e 8 9 0 0.046
e 9 10 0 0.172
e 10 11 0 0.018
e 11 12 0 0.032
e 12 13 0 0.297
e 13 14 0 0.291
e 14 15 0 0.092
e 15 16 0 0.123
e 16 17 0 0.700
e 17 18 0 0.245
e 18 19 0 0.186
e 19 20 0 0.016
t # 99
v 0 1
v 1 0
v 2 3
v 3 5
v 4 5
v 5 1
v 6 4
v 7 4
v 8 6
v 9 7
v 10 6
v 11 5
v 12 1
v 13 0
v 14 3
v 15 4
v 16 5
v 17 3
v 18 0
v 19 1
v 20 7
v 21 4
v 22 6
v 23 7
v 24 3
v 25 0
v 26 5
v 27 6
v 28 6
v 29 4
v 30 1
v 31 0
e 0 1 0 0.090
e 1 2 0 0.263
e 2 3 0 0.286
e 3 4 0 0.415
e 4 5 0 0.514
e 5 6 0 0.052
e 6 7 0 0.135
e 7 8 0 0.292
e 8 9 0 0.094
e 9 10 0 0.104
e 10 11 0 0.002
e 11 12 0 0.509
e 12 13 0 0.282
e 13 14 0 0.797
e 14 15 0 0.657
e 15 16 0 0.099
e 16 17 0 0.084
e 17 18 0 0.328
e 18 19 0 0.243
e 19 20 0 0.330
e 20 21 0 0.765
e 21 22 0 0.085
e 22 23 0 0.463
e 23 24 0 0.422
e 24 25 0 0.224
e 25 26 0 0.156
e 26 27 0 0.221
e 27 28 0 0.030
e 28 29 0 0.285
e 29 30 0 0.999
e 30 31 0 0.999
t # 100
v 0 1
v 1 3
v 2 9
v 3 5
v 4 4
v 5 4
v 6 6
v 7 6
v 8 7
v 9 8
v 10 8
v 11 8
v 12 7
v 13 8
v 14 4
v 15 7
v 16 7
v 17 8
v 18 0
e 0 1 0 0.045
e 1 2 0 0.004
e 2 3 0 0.739
e 3 4 0 0.421
e 4 5 0 0.463
e 5 6 0 0.261
e 6 7 0 0.886
e 7 8 0 0.539
e 8 9 0 0.243
e 9 10 0 0.071
e 10 11 0 0.113
e 11 12 0 0.048
e 12 13 0 0.122
e 13 14 0 0.214
e 14 15 0 0.064
e 15 16 0 0.066
e 16 17 0 0.775
e 17 18 0 0.209
t # 101
v 0 0
v 1 0
v 2 1
v 3 2
v 4 2
v 5 3
v 6 0
v 7 3
v 8 1
v 9 1
v 10 2
v 11 1
v 12 0
v 13 3
v 14 6
v 15 5
v 16 3
v 17 0
v 18 1
v 19 4
v 20 6
v 21 7
v 22 9
v 23 7
v 24 6
v 25 7
v 26 6
v 27 2
v 28 6
v 29 7
v 30 8
v 31 9
v 32 9
v 33 9
v 34 9
v 35 9
v 36 8
v 37 8
v 38 7
v 39 4
v 40 8
v 41 9
v 42 9
v 43 9
v 44 9
v 45 8
v 46 9
e 0 1 0 0.040
e 1 2 0 0.168
e 2 3 0 0.444
e 3 4 0 0.297
e 4 5 0 0.365
e 5 6 0 0.009
e 6 7 0 0.180
e 7 8 0 0.127
e 8 9 0 0.266
e 9 10 0 0.413
e 10 11 0 0.128
e 11 12 0 0.016
e 12 13 0 0.166
e 13 14 0 0.071
e 14 15 0 0.228
e 15 16 0 0.103
e 16 17 0 0.075
e 17 18 0 0.176
e 18 19 0 0.135
e 19 20 0 0.143
e 20 21 0 0.424
e 21 22 0 0.364
e 22 23 0 0.126
e 23 24 0 0.153
e 24 25 0 0.706
e 25 26 0 0.129
e 26 27 0 0.197
e 27 28 0 0.179
e 28 29 0 0.153
e 29 30 0 0.005
e 30 31 0 0.407
e 31 32 0 0.221
e 32 33 0 0.856
e 33 34 0 0.002
e 34 35 0 0.044
e 35 36 0 0.181
e 36 37 0 0.046
e 37 38 0 0.279
e 38 39 0 0.113
e 39 40 0 0.360
e 40 41 0 0.012
e 41 42 0 0.186
e 42 43 0 0.221
e 43 44 0 0.056
e 44 45 0 0.029
e 45 46 0 0.049
t # 102
v 0 3
v 1 7
v 2 8
v 3 8
v 4 8
v 5 8
v 6 9
v 7 9
v 8 8
v 9 7
v 10 8
v 11 8
v 12 8
v 13 8
v 14 8
v 15 9
v 16 9
v 17 8
v 18 9
v 19 7
v 20 8
v 21 9
v 22 9
v 23 8
e 0 1 0 0.357
e 1 2 0 0.707
e 2 3 0 0.582
e 3 4 0 0.762
e 4 5 0 0.287
e 5 6 0 0.012
e 6 7 0 0.072
e 7 8 0 0.108
e 8 9 0 0.531
e 9 10 0 0.550
e 10 11 0 0.009
e 11 12 0 0.212
e 12 13 0 0.110
e 13 14 0 0.074
e 14 15 0 0.144
e 15 16 0 0.111
e 16 17 0 0.048
e 17 18 0 0.035
e 18 19 0 0.190
e 19 20 0 0.048
e 20 21 0 0.015
e 21 22 0 0.149
e 22 23 0 0.124
t # 103
v 0 2
v 1 6
v 2 6
v 3 4
v 4 4
v 5 2
v 6 5
v 7 3
v 8 4
v 9 1
v 10 2
v 11 5
v 12 1
v 13 7
v 14 4
v 15 4
v 16 4
v 17 4
v 18 3
v 19 5
v 20 1
v 21 0
e 0 1 0 0.154
e 1 2 0 0.203
e 2 3 0 0.003
e 3 4 0 0.295
e 4 5 0 0.149
e 5 6 0 0.540
e 6 7 0 0.350
e 7 8 0 0.135
e 8 9 0 0.548
e 9 10 0 0.161
e 10 11 0 0.180
e 11 12 0 0.750
e 12 13 0 0.471
e 13 14 0 0.201
e 14 15 0 0.033
e 15 16 0 0.058
e 16 17 0 0.999
e 17 18 0 0.341
e 18 19 0 0.162
e 19 20 0 0.242
e 20 21 0 0.100
t # 104
v 0 0
v 1 2
v 2 6
v 3 5
v 4 3
v 5 0
v 6 5
v 7 5
v 8 4
v 9 6
v 10 7
v 11 5
v 12 0
v 13 1
v 14 2
v 15 1
v 16 2
v 17 2
v 18 1
v 19 1
v 20 3
v 21 2
v 22 3
v 23 1
v 24 3
v 25 3
v 26 3
v 27 4
v 28 8
v 29 5
v 30 1
v 31 3
v 32 5
v 33 4
v 34 2
v 35 0
v 36 2
v 37 0
e 0 1 0 0.099
e 1 2 0 0.178
e 2 3 0 0.108
e 3 4 0 0.116
e 4 5 0 0.044
e 5 6 0 0.309
e 6 7 0 0.072
e 7 8 0 0.474
e 8 9 0 0.032
e 9 10 0 0.195
e 10 11 0 0.133
e 11 12 0 0.304
e 12 13 0 0.475
e 13 14 0 0.095
e 14 15 0 0.103
e 15 16 0 0.273
e 16 17 0 0.136
e 17 18 0 0.163
e 18 19 0 0.679
e 19 20 0 0.019
e 20 21 0 0.312
e 21 22 0 0.006
e 22 23 0 0.184
e 23 24 0 0.074
e 24 25 0 0.247
e 25 26 0 0.103
e 26 27 0 0.242
e 27 28 0 0.027
e 28 29 0 0.408
e 29 30 0 0.635
e 30 31 0 0.069
e 31 32 0 0.432
e 32 33 0 0.066
e 33 34 0 0.014
e 34 35 0 0.107
e 35 36 0 0.069
e 36 37 0 0.373
t # 105
v 0 0
v 1 0
e 0 1 0 0.545
