t # 0
v 0 1
v 1 4
v 2 2
v 3 3
v 4 0
v 5 1
v 6 5
v 7 6
v 8 7
v 9 6
v 10 7
v 11 4
v 12 2
v 13 7
v 14 6
v 15 8
v 16 8
v 17 4
v 18 9
v 19 9
v 20 9
v 21 9
e 0 1 0 0.788
e 1 2 0 0.691
e 2 3 0 0.868
e 3 4 0 0.692
e 4 5 0 0.803
e 5 6 0 0.874
e 6 7 0 0.803
e 7 8 0 0.747
e 8 9 0 0.846
e 9 10 0 0.820
e 10 11 0 0.999
e 11 12 0 0.837
e 12 13 0 0.902
e 13 14 0 0.878
e 14 15 0 0.787
e 15 16 0 0.766
e 16 17 0 0.731
e 17 18 0 0.931
e 18 19 0 0.706
e 19 20 0 0.533
e 20 21 0 0.723
t # 1
v 0 1
v 1 5
v 2 4
v 3 5
v 4 1
v 5 3
v 6 2
v 7 5
v 8 7
v 9 2
v 10 3
v 11 6
v 12 2
v 13 5
v 14 5
v 15 6
v 16 1
v 17 3
v 18 6
v 19 7
v 20 5
v 21 6
v 22 5
v 23 5
v 24 5
v 25 7
v 26 6
v 27 3
v 28 0
e 0 1 0 0.748
e 1 2 0 0.598
e 2 3 0 0.805
e 3 4 0 0.711
e 4 5 0 0.799
e 5 6 0 0.782
e 6 7 0 0.732
e 7 8 0 0.793
e 8 9 0 0.886
e 9 10 0 0.838
e 10 11 0 0.725
e 11 12 0 0.940
e 12 13 0 0.881
e 13 14 0 0.766
e 14 15 0 0.867
e 15 16 0 0.921
e 16 17 0 0.805
e 17 18 0 0.771
e 18 19 0 0.915
e 19 20 0 0.669
e 20 21 0 0.787
e 21 22 0 0.753
e 22 23 0 0.807
e 23 24 0 0.967
e 24 25 0 0.799
e 25 26 0 0.759
e 26 27 0 0.768
e 27 28 0 0.739
t # 2
v 0 0
v 1 3
v 2 1
v 3 1
v 4 0
v 5 3
v 6 5
v 7 6
v 8 6
v 9 6
v 10 1
v 11 1
v 12 1
v 13 3
v 14 0
v 15 0
v 16 3
v 17 2
v 18 5
v 19 2
v 20 2
v 21 1
v 22 1
v 23 4
v 24 9
v 25 2
v 26 1
v 27 3
v 28 1
v 29 0
v 30 0
v 31 0
v 32 3
v 33 3
v 34 1
v 35 3
v 36 2
v 37 0
v 38 3
v 39 2
v 40 3
v 41 3
v 42 3
v 43 2
v 44 5
v 45 6
v 46 4
v 47 6
v 48 5
v 49 2
v 50 0
v 51 4
v 52 4
v 53 2
v 54 2
v 55 4
v 56 4
v 57 1
v 58 0
e 0 1 0 0.640
e 1 2 0 0.701
e 2 3 0 0.880
e 3 4 0 0.910
e 4 5 0 0.667
e 5 6 0 0.703
e 6 7 0 0.957
e 7 8 0 0.816
e 8 9 0 0.784
e 9 10 0 0.942
e 10 11 0 0.601
e 11 12 0 0.857
e 12 13 0 0.799
e 13 14 0 0.852
e 14 15 0 0.680
e 15 16 0 0.912
e 16 17 0 0.856
e 17 18 0 0.656
e 18 19 0 0.789
e 19 20 0 0.894
e 20 21 0 0.778
e 21 22 0 0.758
e 22 23 0 0.695
e 23 24 0 0.787
e 24 25 0 0.690
e 25 26 0 0.875
e 26 27 0 0.792
e 27 28 0 0.810
e 28 29 0 0.793
e 29 30 0 0.802
e 30 31 0 0.914
e 31 32 0 0.784
e 32 33 0 0.933
e 33 34 0 0.910
e 34 35 0 0.845
e 35 36 0 0.813
e 36 37 0 0.806
e 37 38 0 0.813
e 38 39 0 0.615
e 39 40 0 0.899
e 40 41 0 0.777
e 41 42 0 0.893
e 42 43 0 0.899
e 43 44 0 0.726
e 44 45 0 0.804
e 45 46 0 0.999
e 46 47 0 0.788
e 47 48 0 0.878
e 48 49 0 0.514
e 49 50 0 0.935
e 50 51 0 0.774
e 51 52 0 0.751
e 52 53 0 0.759
e 53 54 0 0.742
e 54 55 0 0.960
e 55 56 0 0.892
e 56 57 0 0.849
e 57 58 0 0.676
t # 3
v 0 1
v 1 5
v 2 6
v 3 7
v 4 7
v 5 4
v 6 6
v 7 5
v 8 3
v 9 6
v 10 5
v 11 6
v 12 5
v 13 4
v 14 1
v 15 4
v 16 2
v 17 2
v 18 1
v 19 0
e 0 1 0 0.856
e 1 2 0 0.855
e 2 3 0 0.786
e 3 4 0 0.707
e 4 5 0 0.701
e 5 6 0 0.730
e 6 7 0 0.892
e 7 8 0 0.762
e 8 9 0 0.920
e 9 10 0 0.764
e 10 11 0 0.766
e 11 12 0 0.755
e 12 13 0 0.773
e 13 14 0 0.920
e 14 15 0 0.855
e 15 16 0 0.870
e 16 17 0 0.932
e 17 18 0 0.634
e 18 19 0 0.890
t # 4
v 0 1
v 1 0
v 2 1
v 3 0
v 4 5
v 5 7
v 6 7
v 7 0
v 8 5
v 9 8
v 10 6
v 11 3
v 12 0
v 13 4
v 14 3
v 15 6
v 16 3
v 17 2
v 18 1
v 19 6
v 20 1
v 21 3
v 22 8
v 23 6
v 24 6
e 0 1 0 0.807
e 1 2 0 0.697
e 2 3 0 0.966
e 3 4 0 0.872
e 4 5 0 0.816
e 5 6 0 0.785
e 6 7 0 0.613
e 7 8 0 0.858
e 8 9 0 0.999
e 9 10 0 0.880
e 10 11 0 0.605
e 11 12 0 0.696
e 12 13 0 0.587
e 13 14 0 0.699
e 14 15 0 0.784
e 15 16 0 0.773
e 16 17 0 0.917
e 17 18 0 0.891
e 18 19 0 0.999
e 19 20 0 0.750
e 20 21 0 0.693
e 21 22 0 0.832
e 22 23 0 0.831
e 23 24 0 0.587
t # 5
v 0 2
v 1 4
v 2 4
v 3 3
v 4 4
v 5 4
v 6 5
v 7 4
v 8 3
v 9 0
v 10 0
e 0 1 0 0.785
e 1 2 0 0.920
e 2 3 0 0.957
e 3 4 0 0.760
e 4 5 0 0.906
e 5 6 0 0.881
e 6 7 0 0.825
e 7 8 0 0.840
e 8 9 0 0.801
e 9 10 0 0.778
t # 6
v 0 1
v 1 4
v 2 0
v 3 6
v 4 8
v 5 8
v 6 5
v 7 0
v 8 7
v 9 6
v 10 8
v 11 9
v 12 8
v 13 0
v 14 3
v 15 2
v 16 5
v 17 5
v 18 2
v 19 1
v 20 0
e 0 1 0 0.653
e 1 2 0 0.823
e 2 3 0 0.945
e 3 4 0 0.888
e 4 5 0 0.717
e 5 6 0 0.658
e 6 7 0 0.735
e 7 8 0 0.769
e 8 9 0 0.750
e 9 10 0 0.717
e 10 11 0 0.999
e 11 12 0 0.551
e 12 13 0 0.825
e 13 14 0 0.773
e 14 15 0 0.619
e 15 16 0 0.883
e 16 17 0 0.799
e 17 18 0 0.751
e 18 19 0 0.826
e 19 20 0 0.969
t # 7
v 0 1
v 1 5
v 2 2
v 3 0
v 4 4
v 5 0
v 6 3
v 7 5
v 8 2
v 9 0
v 10 0
v 11 6
v 12 7
v 13 7
v 14 9
v 15 7
v 16 7
v 17 7
v 18 8
v 19 9
v 20 9
v 21 9
v 22 9
v 23 9
v 24 9
v 25 7
v 26 9
v 27 9
v 28 9
v 29 9
v 30 9
v 31 9
e 0 1 0 0.782
e 1 2 0 0.778
e 2 3 0 0.705
e 3 4 0 0.829
e 4 5 0 0.750
e 5 6 0 0.642
e 6 7 0 0.824
e 7 8 0 0.837
e 8 9 0 0.998
e 9 10 0 0.742
e 10 9 0 0.823
e 9 11 0 0.656
e 11 12 0 0.774
e 12 13 0 0.674
e 13 14 0 0.889
e 14 15 0 0.850
e 15 16 0 0.725
e 16 17 0 0.881
e 17 18 0 0.876
e 18 19 0 0.882
e 19 20 0 0.788
e 20 21 0 0.805
e 21 22 0 0.865
e 22 23 0 0.682
e 23 24 0 0.669
e 24 25 0 0.737
e 25 26 0 0.769
e 26 27 0 0.769
e 27 28 0 0.840
e 28 29 0 0.815
e 29 30 0 0.785
e 30 31 0 0.804
t # 8
v 0 0
v 1 4
v 2 5
v 3 7
v 4 6
v 5 8
v 6 6
v 7 7
v 8 3
v 9 4
v 10 5
v 11 7
v 12 3
v 13 6
v 14 8
v 15 9
v 16 8
v 17 6
v 18 8
v 19 9
v 20 8
v 21 6
v 22 8
v 23 8
v 24 7
v 25 0
v 26 4
v 27 4
v 28 2
v 29 0
e 0 1 0 0.790
e 1 2 0 0.805
e 2 3 0 0.725
e 3 4 0 0.803
e 4 5 0 0.728
e 5 6 0 0.853
e 6 7 0 0.773
e 7 8 0 0.719
e 8 9 0 0.880
e 9 10 0 0.620
e 10 11 0 0.880
e 11 12 0 0.903
e 12 13 0 0.782
e 13 14 0 0.857
e 14 15 0 0.642
e 15 16 0 0.773
e 16 17 0 0.632
e 17 18 0 0.737
e 18 19 0 0.814
e 19 20 0 0.651
e 20 21 0 0.842
e 21 22 0 0.872
e 22 23 0 0.723
e 23 24 0 0.577
e 24 25 0 0.696
e 25 26 0 0.855
e 26 27 0 0.637
e 27 28 0 0.914
e 28 29 0 0.927
t # 9
v 0 0
v 1 1
v 2 3
v 3 3
v 4 3
v 5 1
v 6 2
v 7 6
v 8 3
v 9 2
v 10 4
v 11 4
v 12 6
v 13 3
v 14 1
v 15 1
v 16 0
e 0 1 0 0.804
e 1 2 0 0.912
e 2 3 0 0.655
e 3 4 0 0.648
e 4 5 0 0.810
e 5 6 0 0.826
e 6 7 0 0.748
e 7 8 0 0.728
e 8 9 0 0.659
e 9 10 0 0.782
e 10 11 0 0.644
e 11 12 0 0.808
e 12 13 0 0.758
e 13 14 0 0.843
e 14 15 0 0.599
e 15 16 0 0.843
t # 10
v 0 0
v 1 2
v 2 4
v 3 5
v 4 3
v 5 5
v 6 8
v 7 9
v 8 9
v 9 9
v 10 9
v 11 9
v 12 9
v 13 9
e 0 1 0 0.791
e 1 2 0 0.859
e 2 3 0 0.819
e 3 4 0 0.830
e 4 5 0 0.928
e 5 6 0 0.729
e 6 7 0 0.773
e 7 8 0 0.920
e 8 9 0 0.905
e 9 10 0 0.745
e 10 11 0 0.691
e 11 12 0 0.762
e 12 13 0 0.751
t # 11
v 0 3
v 1 3
v 2 0
v 3 6
v 4 7
v 5 7
v 6 7
v 7 7
v 8 0
v 9 0
v 10 5
v 11 7
v 12 2
v 13 3
v 14 1
v 15 7
v 16 7
v 17 1
v 18 0
e 0 1 0 0.762
e 1 2 0 0.807
e 2 3 0 0.788
e 3 4 0 0.808
e 4 5 0 0.788
e 5 6 0 0.876
e 6 7 0 0.836
e 7 8 0 0.916
e 8 9 0 0.676
e 9 10 0 0.807
e 10 11 0 0.905
e 11 12 0 0.999
e 12 13 0 0.858
e 13 14 0 0.997
e 14 15 0 0.879
e 15 16 0 0.985
e 16 17 0 0.811
e 17 18 0 0.508
t # 12
v 0 9
v 1 8
v 2 8
v 3 7
v 4 4
v 5 4
v 6 2
v 7 5
v 8 2
v 9 1
v 10 3
v 11 8
v 12 4
v 13 4
v 14 2
v 15 3
v 16 3
v 17 2
v 18 1
v 19 2
v 20 1
v 21 0
v 22 3
v 23 3
v 24 2
v 25 3
v 26 2
v 27 4
v 28 3
v 29 4
v 30 8
v 31 5
v 32 7
v 33 3
v 34 2
v 35 6
v 36 2
v 37 8
v 38 9
v 39 9
v 40 8
v 41 8
v 42 9
v 43 9
v 44 9
v 45 9
e 0 1 0 0.802
e 1 2 0 0.749
e 2 3 0 0.999
e 3 4 0 0.900
e 4 5 0 0.792
e 5 6 0 0.956
e 6 7 0 0.787
e 7 8 0 0.992
e 8 9 0 0.698
e 9 10 0 0.896
e 10 11 0 0.825
e 11 12 0 0.621
e 12 13 0 0.852
e 13 14 0 0.658
e 14 15 0 0.832
e 15 16 0 0.779
e 16 17 0 0.853
e 17 18 0 0.819
e 18 19 0 0.837
e 19 20 0 0.731
e 20 21 0 0.922
e 21 20 0 0.726
e 20 22 0 0.879
e 22 23 0 0.617
e 23 24 0 0.941
e 24 25 0 0.796
e 25 26 0 0.778
e 26 27 0 0.779
e 27 28 0 0.679
e 28 29 0 0.610
e 29 30 0 0.749
e 30 31 0 0.817
e 31 32 0 0.622
e 32 33 0 0.818
e 33 34 0 0.927
e 34 35 0 0.835
e 35 36 0 0.812
e 36 37 0 0.866
e 37 38 0 0.783
e 38 39 0 0.821
e 39 40 0 0.764
e 40 41 0 0.818
e 41 42 0 0.976
e 42 43 0 0.716
e 43 44 0 0.857
e 44 45 0 0.866
t # 13
v 0 0
v 1 5
v 2 6
v 3 7
v 4 7
v 5 8
v 6 8
v 7 8
v 8 8
v 9 8
v 10 3
v 11 2
v 12 5
v 13 1
v 14 1
v 15 3
v 16 5
v 17 7
v 18 5
v 19 2
v 20 1
v 21 3
v 22 0
v 23 2
v 24 2
v 25 3
v 26 1
v 27 2
v 28 1
v 29 0
v 30 0
v 31 0
e 0 1 0 0.797
e 1 2 0 0.896
e 2 3 0 0.950
e 3 4 0 0.702
e 4 5 0 0.796
e 5 6 0 0.719
e 6 7 0 0.693
e 7 8 0 0.941
e 8 9 0 0.792
e 9 10 0 0.429
e 10 11 0 0.783
e 11 12 0 0.724
e 12 13 0 0.833
e 13 14 0 0.667
e 14 15 0 0.620
e 15 16 0 0.917
e 16 17 0 0.692
e 17 18 0 0.831
e 18 19 0 0.755
e 19 20 0 0.914
e 20 21 0 0.999
e 21 22 0 0.770
e 22 23 0 0.745
e 23 24 0 0.916
e 24 25 0 0.711
e 25 26 0 0.758
e 26 27 0 0.676
e 27 28 0 0.912
e 28 29 0 0.874
e 29 30 0 0.818
e 30 31 0 0.627
t # 14
v 0 4
v 1 7
v 2 0
v 3 6
v 4 6
v 5 7
v 6 7
v 7 5
v 8 7
v 9 8
v 10 7
v 11 2
v 12 7
v 13 9
v 14 8
v 15 8
v 16 9
v 17 8
v 18 8
v 19 8
v 20 8
v 21 8
v 22 8
v 23 7
v 24 7
v 25 8
v 26 9
v 27 8
v 28 9
v 29 6
v 30 7
v 31 7
v 32 3
v 33 6
v 34 6
v 35 3
v 36 4
v 37 4
v 38 3
v 39 2
v 40 1
v 41 0
v 42 2
v 43 6
v 44 5
v 45 6
e 0 1 0 0.812
e 1 2 0 0.843
e 2 3 0 0.906
e 3 4 0 0.680
e 4 5 0 0.785
e 5 6 0 0.909
e 6 7 0 0.861
e 7 8 0 0.701
e 8 9 0 0.683
e 9 10 0 0.706
e 10 11 0 0.877
e 11 12 0 0.734
e 12 13 0 0.780
e 13 14 0 0.608
e 14 15 0 0.964
e 15 16 0 0.706
e 16 17 0 0.663
e 17 18 0 0.702
e 18 19 0 0.999
e 19 20 0 0.903
e 20 21 0 0.827
e 21 22 0 0.811
e 22 23 0 0.660
e 23 24 0 0.878
e 24 25 0 0.851
e 25 26 0 0.923
e 26 27 0 0.937
e 27 28 0 0.602
e 28 29 0 0.839
e 29 30 0 0.630
e 30 31 0 0.756
e 31 32 0 0.844
e 32 33 0 0.597
e 33 34 0 0.654
e 34 35 0 0.856
e 35 36 0 0.847
e 36 37 0 0.758
e 37 38 0 0.951
e 38 39 0 0.908
e 39 40 0 0.750
e 40 41 0 0.995
e 41 42 0 0.752
e 42 39 0 0.818
e 39 38 0 0.718
e 38 43 0 0.744
e 43 44 0 0.821
e 44 45 0 0.888
e 45 33 0 0.865
t # 15
v 0 1
v 1 3
v 2 6
v 3 1
v 4 5
v 5 7
v 6 6
v 7 5
v 8 5
v 9 3
v 10 5
v 11 7
v 12 7
v 13 5
v 14 2
v 15 4
v 16 7
v 17 6
v 18 0
v 19 1
v 20 7
v 21 7
v 22 4
v 23 0
e 0 1 0 0.978
e 1 2 0 0.662
e 2 3 0 0.770
e 3 4 0 0.708
e 4 5 0 0.718
e 5 6 0 0.856
e 6 7 0 0.797
e 7 8 0 0.867
e 8 9 0 0.733
e 9 10 0 0.808
e 10 11 0 0.853
e 11 12 0 0.801
e 12 13 0 0.691
e 13 14 0 0.696
e 14 15 0 0.801
e 15 16 0 0.694
e 16 17 0 0.958
e 17 18 0 0.897
e 18 19 0 0.841
e 19 20 0 0.772
e 20 21 0 0.720
e 21 22 0 0.860
e 22 23 0 0.964
t # 16
v 0 0
v 1 2
v 2 6
v 3 1
v 4 2
v 5 5
v 6 3
v 7 1
v 8 4
v 9 2
v 10 5
v 11 5
v 12 0
v 13 1
v 14 8
v 15 7
v 16 7
v 17 5
v 18 2
v 19 5
v 20 1
v 21 0
v 22 5
v 23 2
v 24 3
v 25 0
v 26 3
v 27 4
v 28 2
v 29 4
v 30 2
v 31 0
v 32 3
v 33 0
v 34 2
v 35 3
v 36 2
v 37 3
v 38 5
v 39 5
v 40 5
v 41 8
v 42 6
v 43 1
v 44 6
v 45 6
v 46 6
v 47 7
v 48 2
v 49 4
v 50 5
v 51 6
v 52 7
v 53 3
v 54 6
v 55 7
v 56 2
v 57 7
v 58 6
v 59 5
v 60 7
v 61 2
v 62 5
v 63 5
v 64 2
v 65 0
v 66 3
v 67 7
v 68 2
v 69 1
v 70 2
v 71 1
v 72 0
v 73 0
v 74 2
v 75 3
v 76 2
v 77 2
e 0 1 0 0.770
e 1 2 0 0.768
e 2 3 0 0.875
e 3 4 0 0.833
e 4 5 0 0.929
e 5 6 0 0.698
e 6 7 0 0.733
e 7 8 0 0.890
e 8 9 0 0.732
e 9 10 0 0.850
e 10 11 0 0.764
e 11 12 0 0.948
e 12 13 0 0.786
e 13 14 0 0.826
e 14 15 0 0.737
e 15 16 0 0.864
e 16 17 0 0.866
e 17 18 0 0.782
e 18 19 0 0.645
e 19 20 0 0.926
e 20 21 0 0.858
e 21 22 0 0.740
e 22 23 0 0.682
e 23 24 0 0.955
e 24 25 0 0.862
e 25 26 0 0.775
e 26 13 0 0.915
e 13 27 0 0.763
e 27 28 0 0.892
e 28 29 0 0.610
e 29 30 0 0.835
e 30 31 0 0.838
e 31 32 0 0.606
e 32 33 0 0.717
e 33 34 0 0.817
e 34 35 0 0.830
e 35 36 0 0.854
e 36 37 0 0.933
e 37 38 0 0.724
e 38 39 0 0.762
e 39 40 0 0.773
e 40 41 0 0.962
e 41 42 0 0.875
e 42 43 0 0.691
e 43 44 0 0.761
e 44 45 0 0.749
e 45 46 0 0.742
e 46 47 0 0.813
e 47 48 0 0.850
e 48 49 0 0.654
e 49 50 0 0.771
e 50 51 0 0.649
e 51 52 0 0.802
e 52 53 0 0.876
e 53 54 0 0.831
e 54 55 0 0.902
e 55 56 0 0.949
e 56 57 0 0.928
e 57 58 0 0.699
e 58 59 0 0.816
e 59 60 0 0.813
e 60 61 0 0.688
e 61 62 0 0.770
e 62 63 0 0.884
e 63 64 0 0.852
e 64 65 0 0.774
e 65 66 0 0.985
e 66 67 0 0.751
e 67 62 0 0.561
e 62 68 0 0.723
e 68 69 0 0.952
e 69 70 0 0.516
e 70 71 0 0.719
e 71 72 0 0.968
e 72 73 0 0.736
e 73 74 0 0.643
e 74 75 0 0.883
e 75 76 0 0.939
e 76 77 0 0.599
t # 17
v 0 0
v 1 3
v 2 2
v 3 7
v 4 7
v 5 8
v 6 8
v 7 5
v 8 5
v 9 4
v 10 7
v 11 7
v 12 4
v 13 2
v 14 6
v 15 5
v 16 3
v 17 5
v 18 0
e 0 1 0 0.791
e 1 2 0 0.769
e 2 3 0 0.700
e 3 4 0 0.687
e 4 5 0 0.744
e 5 6 0 0.659
e 6 7 0 0.820
e 7 8 0 0.999
e 8 9 0 0.831
e 9 10 0 0.757
e 10 11 0 0.836
e 11 12 0 0.999
e 12 13 0 0.887
e 13 14 0 0.889
e 14 15 0 0.846
e 15 16 0 0.919
e 16 17 0 0.718
e 17 18 0 0.921
t # 18
v 0 1
v 1 1
v 2 4
v 3 0
v 4 0
v 5 3
v 6 4
v 7 5
v 8 2
v 9 1
v 10 8
v 11 4
v 12 7
v 13 6
v 14 5
v 15 8
v 16 6
v 17 1
e 0 1 0 0.587
e 1 2 0 0.950
e 2 3 0 0.951
e 3 4 0 0.789
e 4 5 0 0.768
e 5 6 0 0.772
e 6 7 0 0.678
e 7 8 0 0.720
e 8 9 0 0.937
e 9 10 0 0.784
e 10 11 0 0.719
e 11 12 0 0.868
e 12 13 0 0.613
e 13 14 0 0.729
e 14 15 0 0.805
e 15 16 0 0.812
e 16 17 0 0.703
t # 19
v 0 0
v 1 0
v 2 1
v 3 1
v 4 1
v 5 2
v 6 2
v 7 3
v 8 5
v 9 3
v 10 1
v 11 2
v 12 1
v 13 4
v 14 5
v 15 5
v 16 1
v 17 1
v 18 0
v 19 5
v 20 1
v 21 0
v 22 5
v 23 7
v 24 6
v 25 3
v 26 5
v 27 6
v 28 8
v 29 7
v 30 0
v 31 2
v 32 0
v 33 1
v 34 6
v 35 7
v 36 6
v 37 8
v 38 3
v 39 1
v 40 6
v 41 8
v 42 8
v 43 8
v 44 5
v 45 6
v 46 5
v 47 5
v 48 8
v 49 6
v 50 4
v 51 4
v 52 8
v 53 6
v 54 5
v 55 7
v 56 7
e 0 1 0 0.918
e 1 2 0 0.817
e 2 3 0 0.750
e 3 4 0 0.722
e 4 5 0 0.735
e 5 6 0 0.814
e 6 7 0 0.797
e 7 8 0 0.806
e 8 9 0 0.665
e 9 10 0 0.769
e 10 11 0 0.876
e 11 12 0 0.914
e 12 13 0 0.708
e 13 14 0 0.851
e 14 15 0 0.852
e 15 16 0 0.700
e 16 17 0 0.515
e 17 18 0 0.951
e 18 19 0 0.788
e 19 20 0 0.712
e 20 21 0 0.882
e 21 22 0 0.833
e 22 23 0 0.815
e 23 24 0 0.704
e 24 25 0 0.812
e 25 26 0 0.899
e 26 27 0 0.873
e 27 28 0 0.798
e 28 29 0 0.960
e 29 30 0 0.831
e 30 31 0 0.759
e 31 32 0 0.687
e 32 33 0 0.770
e 33 34 0 0.846
e 34 35 0 0.850
e 35 36 0 0.881
e 36 37 0 0.711
e 37 38 0 0.806
e 38 39 0 0.730
e 39 40 0 0.902
e 40 41 0 0.872
e 41 42 0 0.926
e 42 43 0 0.785
e 43 44 0 0.681
e 44 45 0 0.769
e 45 46 0 0.684
e 46 47 0 0.681
e 47 48 0 0.664
e 48 49 0 0.911
e 49 50 0 0.661
e 50 51 0 0.632
e 51 52 0 0.794
e 52 53 0 0.715
e 53 54 0 0.719
e 54 55 0 0.916
e 55 56 0 0.816
t # 20
v 0 0
v 1 1
v 2 1
v 3 2
v 4 2
v 5 2
v 6 1
v 7 8
v 8 5
v 9 6
v 10 4
v 11 6
v 12 3
v 13 6
v 14 1
v 15 1
v 16 2
v 17 4
v 18 4
v 19 7
v 20 2
v 21 3
v 22 0
v 23 0
v 24 7
v 25 6
v 26 7
v 27 8
v 28 8
v 29 8
v 30 9
v 31 9
v 32 9
v 33 9
v 34 8
v 35 9
v 36 9
e 0 1 0 0.890
e 1 2 0 0.813
e 2 3 0 0.938
e 3 4 0 0.730
e 4 5 0 0.867
e 5 6 0 0.926
e 6 7 0 0.782
e 7 8 0 0.837
e 8 9 0 0.858
e 9 10 0 0.732
e 10 11 0 0.791
e 11 12 0 0.765
e 12 13 0 0.840
e 13 14 0 0.673
e 14 15 0 0.949
e 15 16 0 0.827
e 16 17 0 0.865
e 17 18 0 0.835
e 18 19 0 0.800
e 19 20 0 0.821
e 20 21 0 0.883
e 21 22 0 0.909
e 22 23 0 0.746
e 23 24 0 0.719
e 24 25 0 0.781
e 25 26 0 0.879
e 26 27 0 0.811
e 27 28 0 0.891
e 28 29 0 0.713
e 29 30 0 0.722
e 30 31 0 0.743
e 31 32 0 0.601
e 32 33 0 0.901
e 33 34 0 0.853
e 34 35 0 0.964
e 35 36 0 0.828
t # 21
v 0 7
v 1 7
v 2 2
v 3 6
v 4 7
v 5 7
v 6 0
v 7 5
v 8 7
v 9 5
v 10 4
v 11 4
v 12 2
v 13 6
v 14 5
v 15 7
v 16 5
v 17 0
v 18 5
v 19 0
v 20 4
v 21 0
v 22 5
v 23 7
v 24 7
v 25 4
v 26 2
v 27 0
v 28 2
v 29 3
v 30 2
v 31 0
v 32 1
v 33 2
v 34 1
v 35 0
e 0 1 0 0.748
e 1 2 0 0.945
e 2 3 0 0.901
e 3 4 0 0.927
e 4 5 0 0.705
e 5 6 0 0.693
e 6 7 0 0.793
e 7 8 0 0.837
e 8 9 0 0.845
e 9 10 0 0.929
e 10 11 0 0.654
e 11 12 0 0.644
e 12 13 0 0.980
e 13 14 0 0.853
e 14 15 0 0.635
e 15 16 0 0.847
e 16 17 0 0.840
e 17 18 0 0.756
e 18 19 0 0.853
e 19 20 0 0.689
e 20 21 0 0.781
e 21 22 0 0.734
e 22 23 0 0.650
e 23 24 0 0.796
e 24 25 0 0.879
e 25 26 0 0.770
e 26 27 0 0.833
e 27 28 0 0.796
e 28 29 0 0.690
e 29 30 0 0.824
e 30 31 0 0.715
e 31 32 0 0.800
e 32 33 0 0.757
e 33 34 0 0.689
e 34 35 0 0.750
t # 22
v 0 0
v 1 2
v 2 4
v 3 5
v 4 6
v 5 2
v 6 1
v 7 8
v 8 7
v 9 9
v 10 9
v 11 7
v 12 3
v 13 8
v 14 9
v 15 9
v 16 9
v 17 9
v 18 9
v 19 9
e 0 1 0 0.734
e 1 2 0 0.733
e 2 3 0 0.878
e 3 4 0 0.888
e 4 5 0 0.999
e 5 6 0 0.695
e 6 7 0 0.622
e 7 8 0 0.813
e 8 9 0 0.882
e 9 10 0 0.926
e 10 11 0 0.759
e 11 12 0 0.748
e 12 13 0 0.889
e 13 14 0 0.824
e 14 15 0 0.744
e 15 16 0 0.750
e 16 17 0 0.756
e 17 18 0 0.832
e 18 19 0 0.774
t # 23
v 0 1
v 1 0
v 2 6
v 3 7
v 4 5
v 5 8
v 6 7
v 7 7
v 8 8
v 9 9
v 10 9
v 11 8
v 12 8
v 13 6
v 14 7
v 15 9
v 16 9
v 17 9
v 18 9
v 19 9
e 0 1 0 0.779
e 1 2 0 0.767
e 2 3 0 0.910
e 3 4 0 0.805
e 4 5 0 0.817
e 5 6 0 0.803
e 6 7 0 0.854
e 7 8 0 0.894
e 8 9 0 0.668
e 9 10 0 0.964
e 10 11 0 0.728
e 11 12 0 0.542
e 12 13 0 0.741
e 13 14 0 0.890
e 14 15 0 0.541
e 15 16 0 0.706
e 16 17 0 0.999
e 17 18 0 0.753
e 18 19 0 0.990
t # 24
v 0 0
v 1 2
v 2 2
v 3 6
v 4 2
v 5 4
v 6 6
v 7 3
v 8 2
v 9 8
v 10 8
v 11 9
v 12 9
v 13 2
e 0 1 0 0.871
e 1 2 0 0.670
e 2 3 0 0.890
e 3 4 0 0.731
e 4 5 0 0.720
e 5 6 0 0.781
e 6 7 0 0.970
e 7 8 0 0.786
e 8 9 0 0.823
e 9 10 0 0.772
e 10 11 0 0.997
e 11 12 0 0.926
e 12 13 0 0.802
t # 25
v 0 7
v 1 9
v 2 9
v 3 9
v 4 9
v 5 9
v 6 9
v 7 9
e 0 1 0 0.938
e 1 2 0 0.747
e 2 3 0 0.999
e 3 4 0 0.729
e 4 5 0 0.712
e 5 6 0 0.893
e 6 7 0 0.852
t # 26
v 0 0
v 1 0
v 2 2
v 3 2
v 4 3
v 5 4
v 6 6
v 7 6
v 8 3
v 9 4
v 10 4
v 11 5
v 12 4
v 13 4
v 14 4
v 15 4
v 16 1
v 17 2
v 18 2
v 19 0
e 0 1 0 0.742
e 1 2 0 0.911
e 2 3 0 0.758
e 3 4 0 0.851
e 4 5 0 0.762
e 5 6 0 0.750
e 6 7 0 0.952
e 7 8 0 0.629
e 8 9 0 0.681
e 9 10 0 0.853
e 10 11 0 0.751
e 11 12 0 0.792
e 12 13 0 0.846
e 13 14 0 0.740
e 14 15 0 0.960
e 15 16 0 0.812
e 16 17 0 0.802
e 17 18 0 0.688
e 18 19 0 0.875
t # 27
v 0 1
v 1 4
v 2 3
v 3 7
v 4 7
v 5 4
v 6 5
v 7 6
v 8 2
v 9 0
v 10 1
v 11 4
v 12 6
v 13 2
v 14 5
v 15 2
v 16 4
v 17 3
v 18 6
v 19 2
v 20 2
v 21 8
v 22 5
v 23 4
v 24 7
v 25 4
v 26 0
v 27 2
v 28 0
v 29 0
e 0 1 0 0.715
e 1 2 0 0.844
e 2 3 0 0.729
e 3 4 0 0.816
e 4 5 0 0.865
e 5 6 0 0.716
e 6 7 0 0.853
e 7 8 0 0.755
e 8 9 0 0.728
e 9 10 0 0.712
e 10 11 0 0.840
e 11 12 0 0.909
e 12 13 0 0.974
e 13 14 0 0.767
e 14 15 0 0.711
e 15 16 0 0.781
e 16 17 0 0.646
e 17 18 0 0.761
e 18 19 0 0.873
e 19 20 0 0.999
e 20 21 0 0.592
e 21 22 0 0.762
e 22 23 0 0.755
e 23 24 0 0.872
e 24 25 0 0.872
e 25 26 0 0.839
e 26 27 0 0.813
e 27 28 0 0.667
e 28 29 0 0.708
t # 28
v 0 0
v 1 1
v 2 9
v 3 1
v 4 1
v 5 5
v 6 5
v 7 6
v 8 8
v 9 9
v 10 9
v 11 9
v 12 9
v 13 9
v 14 8
v 15 9
v 16 9
v 17 8
v 18 9
v 19 9
v 20 9
v 21 9
v 22 9
v 23 9
v 24 6
v 25 2
v 26 3
v 27 1
v 28 6
v 29 0
v 30 4
v 31 3
v 32 3
v 33 0
v 34 0
e 0 1 0 0.878
e 1 2 0 0.867
e 2 3 0 0.746
e 3 4 0 0.578
e 4 5 0 0.781
e 5 6 0 0.750
e 6 7 0 0.711
e 7 8 0 0.919
e 8 9 0 0.833
e 9 10 0 0.839
e 10 11 0 0.663
e 11 12 0 0.753
e 12 13 0 0.715
e 13 14 0 0.764
e 14 15 0 0.790
e 15 16 0 0.717
e 16 17 0 0.847
e 17 18 0 0.981
e 18 19 0 0.863
e 19 20 0 0.677
e 20 21 0 0.785
e 21 22 0 0.995
e 22 23 0 0.964
e 23 24 0 0.808
e 24 25 0 0.977
e 25 26 0 0.999
e 26 27 0 0.725
e 27 28 0 0.712
e 28 29 0 0.928
e 29 30 0 0.684
e 30 31 0 0.769
e 31 32 0 0.896
e 32 33 0 0.752
e 33 34 0 0.732
t # 29
v 0 3
v 1 3
v 2 3
v 3 5
v 4 3
v 5 3
v 6 2
v 7 4
v 8 8
v 9 4
v 10 2
v 11 0
v 12 5
v 13 5
v 14 3
v 15 6
v 16 9
v 17 9
v 18 5
v 19 1
v 20 0
e 0 1 0 0.791
e 1 2 0 0.682
e 2 3 0 0.858
e 3 4 0 0.699
e 4 5 0 0.944
e 5 6 0 0.819
e 6 7 0 0.778
e 7 8 0 0.971
e 8 9 0 0.830
e 9 10 0 0.980
e 10 11 0 0.843
e 11 12 0 0.897
e 12 13 0 0.904
e 13 14 0 0.682
e 14 15 0 0.756
e 15 16 0 0.909
e 16 17 0 0.694
e 17 18 0 0.667
e 18 19 0 0.796
e 19 20 0 0.816
t # 30
v 0 1
v 1 3
v 2 3
v 3 6
v 4 3
v 5 1
v 6 0
v 7 2
v 8 2
v 9 2
v 10 3
v 11 3
v 12 0
v 13 0
v 14 7
v 15 4
v 16 1
v 17 1
v 18 1
e 0 1 0 0.643
e 1 2 0 0.927
e 2 3 0 0.683
e 3 4 0 0.921
e 4 5 0 0.837
e 5 6 0 0.749
e 6 7 0 0.772
e 7 8 0 0.865
e 8 9 0 0.861
e 9 10 0 0.802
e 10 11 0 0.792
e 11 12 0 0.688
e 12 13 0 0.683
e 13 14 0 0.859
e 14 15 0 0.878
e 15 16 0 0.761
e 16 17 0 0.722
e 17 18 0 0.893
t # 31
v 0 0
v 1 6
v 2 6
v 3 2
v 4 7
v 5 8
v 6 7
v 7 1
v 8 1
v 9 5
v 10 4
v 11 6
v 12 2
v 13 7
v 14 4
v 15 1
v 16 1
v 17 6
v 18 7
v 19 7
v 20 3
v 21 7
v 22 6
v 23 4
v 24 9
v 25 9
v 26 9
e 0 1 0 0.828
e 1 2 0 0.920
e 2 3 0 0.751
e 3 4 0 0.746
e 4 5 0 0.818
e 5 6 0 0.628
e 6 7 0 0.894
e 7 8 0 0.734
e 8 9 0 0.752
e 9 10 0 0.763
e 10 11 0 0.819
e 11 12 0 0.743
e 12 13 0 0.731
e 13 14 0 0.745
e 14 15 0 0.691
e 15 16 0 0.855
e 16 17 0 0.821
e 17 18 0 0.862
e 18 19 0 0.917
e 19 20 0 0.743
e 20 21 0 0.725
e 21 22 0 0.798
e 22 23 0 0.756
e 23 24 0 0.775
e 24 25 0 0.830
e 25 26 0 0.863
t # 32
v 0 0
v 1 4
v 2 4
v 3 3
v 4 2
v 5 6
v 6 6
v 7 8
v 8 8
v 9 9
v 10 8
v 11 6
v 12 2
v 13 2
v 14 1
v 15 3
v 16 3
v 17 0
v 18 4
v 19 4
v 20 3
v 21 2
v 22 1
v 23 0
v 24 1
v 25 2
e 0 1 0 0.745
e 1 2 0 0.668
e 2 3 0 0.818
e 3 4 0 0.769
e 4 5 0 0.856
e 5 6 0 0.935
e 6 7 0 0.697
e 7 8 0 0.610
e 8 9 0 0.890
e 9 10 0 0.700
e 10 11 0 0.683
e 11 12 0 0.852
e 12 13 0 0.819
e 13 14 0 0.735
e 14 15 0 0.899
e 15 16 0 0.758
e 16 17 0 0.783
e 17 18 0 0.807
e 18 19 0 0.660
e 19 20 0 0.999
e 20 21 0 0.886
e 21 22 0 0.753
e 22 23 0 0.756
e 23 24 0 0.783
e 24 25 0 0.869
t # 33
v 0 2
v 1 1
v 2 1
v 3 1
v 4 0
v 5 3
v 6 8
v 7 3
v 8 7
v 9 8
v 10 8
v 11 1
v 12 5
v 13 6
v 14 2
v 15 6
v 16 1
v 17 0
v 18 8
v 19 8
v 20 5
v 21 9
v 22 6
v 23 9
v 24 9
v 25 6
v 26 1
v 27 2
v 28 2
v 29 1
v 30 3
v 31 3
v 32 0
e 0 1 0 0.855
e 1 2 0 0.744
e 2 3 0 0.827
e 3 4 0 0.925
e 4 5 0 0.880
e 5 6 0 0.923
e 6 7 0 0.668
e 7 8 0 0.803
e 8 9 0 0.767
e 9 10 0 0.630
e 10 11 0 0.999
e 11 12 0 0.841
e 12 13 0 0.720
e 13 14 0 0.926
e 14 15 0 0.814
e 15 16 0 0.781
e 16 17 0 0.700
e 17 18 0 0.767
e 18 19 0 0.862
e 19 20 0 0.966
e 20 21 0 0.783
e 21 22 0 0.739
e 22 23 0 0.836
e 23 24 0 0.708
e 24 25 0 0.673
e 25 26 0 0.933
e 26 27 0 0.708
e 27 28 0 0.796
e 28 29 0 0.777
e 29 30 0 0.695
e 30 31 0 0.846
e 31 32 0 0.641
t # 34
v 0 1
v 1 2
v 2 5
v 3 6
v 4 2
v 5 7
v 6 8
v 7 2
v 8 0
v 9 7
v 10 2
v 11 0
e 0 1 0 0.761
e 1 2 0 0.765
e 2 3 0 0.716
e 3 4 0 0.821
e 4 5 0 0.864
e 5 6 0 0.776
e 6 7 0 0.838
e 7 8 0 0.932
e 8 9 0 0.807
e 9 10 0 0.937
e 10 11 0 0.686
t # 35
v 0 0
v 1 1
v 2 1
v 3 3
v 4 4
v 5 0
v 6 7
v 7 8
v 8 8
v 9 6
v 10 5
v 11 6
v 12 8
v 13 7
v 14 4
v 15 4
v 16 3
v 17 4
v 18 5
v 19 5
v 20 7
v 21 6
v 22 4
v 23 3
v 24 3
v 25 4
v 26 5
v 27 2
v 28 5
v 29 7
v 30 6
v 31 7
e 0 1 0 0.956
e 1 2 0 0.826
e 2 3 0 0.665
e 3 4 0 0.695
e 4 5 0 0.890
e 5 6 0 0.708
e 6 7 0 0.727
e 7 8 0 0.609
e 8 9 0 0.808
e 9 10 0 0.854
e 10 11 0 0.894
e 11 12 0 0.742
e 12 13 0 0.753
e 13 14 0 0.750
e 14 15 0 0.824
e 15 16 0 0.766
e 16 17 0 0.752
e 17 18 0 0.764
e 18 19 0 0.898
e 19 20 0 0.863
e 20 21 0 0.701
e 21 22 0 0.732
e 22 23 0 0.743
e 23 24 0 0.704
e 24 25 0 0.747
e 25 26 0 0.854
e 26 27 0 0.818
e 27 28 0 0.770
e 28 29 0 0.948
e 29 30 0 0.763
e 30 31 0 0.714
t # 36
v 0 1
v 1 5
v 2 6
v 3 8
v 4 2
v 5 7
v 6 1
v 7 7
v 8 8
v 9 8
v 10 9
v 11 6
v 12 3
v 13 4
v 14 8
v 15 8
v 16 3
v 17 8
v 18 8
v 19 7
v 20 2
v 21 1
v 22 3
v 23 7
v 24 9
v 25 9
e 0 1 0 0.938
e 1 2 0 0.718
e 2 3 0 0.848
e 3 4 0 0.836
e 4 5 0 0.983
e 5 6 0 0.706
e 6 7 0 0.750
e 7 8 0 0.999
e 8 9 0 0.724
e 9 10 0 0.887
e 10 11 0 0.813
e 11 12 0 0.716
e 12 13 0 0.722
e 13 14 0 0.757
e 14 15 0 0.896
e 15 16 0 0.883
e 16 17 0 0.818
e 17 18 0 0.759
e 18 19 0 0.797
e 19 20 0 0.756
e 20 21 0 0.663
e 21 22 0 0.759
e 22 23 0 0.760
e 23 24 0 0.842
e 24 25 0 0.786
t # 37
v 0 4
v 1 0
v 2 2
v 3 4
v 4 5
v 5 7
v 6 2
v 7 1
v 8 7
v 9 7
v 10 9
v 11 9
v 12 9
v 13 9
v 14 9
v 15 9
v 16 9
v 17 9
v 18 9
v 19 9
v 20 9
v 21 9
v 22 9
v 23 6
v 24 8
v 25 8
v 26 9
v 27 8
v 28 8
v 29 3
v 30 2
v 31 3
v 32 3
v 33 3
v 34 1
v 35 0
e 0 1 0 0.933
e 1 2 0 0.638
e 2 3 0 0.702
e 3 4 0 0.802
e 4 5 0 0.889
e 5 6 0 0.425
e 6 7 0 0.922
e 7 8 0 0.849
e 8 9 0 0.773
e 9 10 0 0.610
e 10 11 0 0.834
e 11 12 0 0.839
e 12 13 0 0.789
e 13 14 0 0.894
e 14 15 0 0.979
e 15 16 0 0.569
e 16 17 0 0.831
e 17 18 0 0.740
e 18 19 0 0.805
e 19 20 0 0.818
e 20 21 0 0.711
e 21 22 0 0.911
e 22 23 0 0.850
e 23 24 0 0.693
e 24 25 0 0.843
e 25 26 0 0.882
e 26 27 0 0.918
e 27 28 0 0.820
e 28 29 0 0.811
e 29 30 0 0.783
e 30 31 0 0.745
e 31 32 0 0.745
e 32 33 0 0.724
e 33 34 0 0.718
e 34 35 0 0.999
t # 38
v 0 1
v 1 1
v 2 8
v 3 2
v 4 2
v 5 1
v 6 3
v 7 3
v 8 7
v 9 2
v 10 0
e 0 1 0 0.892
e 1 2 0 0.859
e 2 3 0 0.634
e 3 4 0 0.886
e 4 5 0 0.740
e 5 6 0 0.867
e 6 7 0 0.717
e 7 8 0 0.735
e 8 9 0 0.906
e 9 10 0 0.979
t # 39
v 0 0
v 1 0
v 2 3
v 3 2
v 4 2
v 5 6
v 6 3
v 7 2
v 8 5
v 9 1
v 10 1
v 11 2
v 12 3
v 13 4
v 14 5
v 15 3
v 16 0
v 17 7
v 18 3
v 19 6
v 20 6
v 21 2
v 22 0
v 23 1
v 24 7
v 25 7
v 26 4
v 27 0
v 28 1
e 0 1 0 0.659
e 1 2 0 0.765
e 2 3 0 0.787
e 3 4 0 0.842
e 4 5 0 0.765
e 5 6 0 0.755
e 6 7 0 0.841
e 7 8 0 0.719
e 8 9 0 0.703
e 9 10 0 0.888
e 10 11 0 0.647
e 11 12 0 0.923
e 12 13 0 0.703
e 13 14 0 0.761
e 14 15 0 0.913
e 15 16 0 0.806
e 16 17 0 0.774
e 17 18 0 0.878
e 18 19 0 0.871
e 19 20 0 0.814
e 20 21 0 0.836
e 21 22 0 0.701
e 22 23 0 0.830
e 23 24 0 0.899
e 24 25 0 0.576
e 25 26 0 0.847
e 26 27 0 0.619
e 27 28 0 0.844
t # 40
v 0 0
v 1 2
v 2 4
v 3 5
v 4 8
v 5 9
v 6 9
v 7 9
v 8 9
v 9 8
v 10 4
v 11 8
v 12 3
v 13 0
v 14 6
v 15 6
v 16 2
v 17 5
v 18 1
v 19 4
v 20 4
v 21 0
e 0 1 0 0.671
e 1 2 0 0.832
e 2 3 0 0.827
e 3 4 0 0.952
e 4 5 0 0.950
e 5 6 0 0.792
e 6 7 0 0.712
e 7 8 0 0.921
e 8 9 0 0.870
e 9 10 0 0.742
e 10 11 0 0.730
e 11 12 0 0.736
e 12 13 0 0.578
e 13 14 0 0.845
e 14 15 0 0.763
e 15 16 0 0.627
e 16 17 0 0.876
e 17 18 0 0.799
e 18 19 0 0.631
e 19 20 0 0.760
e 20 21 0 0.836
t # 41
v 0 4
v 1 3
v 2 3
v 3 3
v 4 1
v 5 2
v 6 1
v 7 0
v 8 5
v 9 2
v 10 4
v 11 5
v 12 1
v 13 2
v 14 0
v 15 0
v 16 0
e 0 1 0 0.622
e 1 2 0 0.695
e 2 3 0 0.835
e 3 4 0 0.645
e 4 5 0 0.946
e 5 6 0 0.970
e 6 7 0 0.765
e 7 8 0 0.754
e 8 9 0 0.811
e 9 10 0 0.738
e 10 11 0 0.750
e 11 12 0 0.797
e 12 13 0 0.724
e 13 14 0 0.717
e 14 15 0 0.842
e 15 16 0 0.783
t # 42
v 0 2
v 1 2
v 2 4
v 3 1
v 4 1
v 5 1
v 6 2
v 7 7
v 8 8
v 9 1
v 10 0
v 11 4
v 12 8
v 13 7
v 14 3
v 15 4
v 16 8
v 17 8
v 18 8
v 19 6
v 20 8
v 21 9
v 22 8
v 23 5
v 24 6
v 25 6
v 26 8
v 27 8
v 28 8
v 29 7
v 30 6
v 31 6
v 32 8
v 33 5
v 34 4
v 35 6
v 36 7
v 37 2
v 38 5
v 39 4
v 40 2
v 41 4
v 42 3
v 43 7
v 44 3
v 45 0
e 0 1 0 0.826
e 1 2 0 0.721
e 2 3 0 0.729
e 3 4 0 0.681
e 4 5 0 0.866
e 5 6 0 0.842
e 6 7 0 0.879
e 7 8 0 0.712
e 8 9 0 0.736
e 9 10 0 0.823
e 10 11 0 0.882
e 11 12 0 0.829
e 12 13 0 0.881
e 13 14 0 0.806
e 14 15 0 0.914
e 15 16 0 0.779
e 16 17 0 0.799
e 17 18 0 0.820
e 18 19 0 0.676
e 19 20 0 0.689
e 20 21 0 0.892
e 21 22 0 0.653
e 22 23 0 0.756
e 23 24 0 0.710
e 24 25 0 0.782
e 25 26 0 0.668
e 26 27 0 0.563
e 27 28 0 0.931
e 28 29 0 0.867
e 29 30 0 0.964
e 30 31 0 0.608
e 31 32 0 0.998
e 32 33 0 0.671
e 33 34 0 0.644
e 34 35 0 0.786
e 35 36 0 0.841
e 36 37 0 0.801
e 37 38 0 0.982
e 38 39 0 0.720
e 39 40 0 0.859
e 40 41 0 0.736
e 41 42 0 0.761
e 42 43 0 0.766
e 43 44 0 0.791
e 44 45 0 0.975
t # 43
v 0 1
v 1 1
v 2 1
v 3 3
v 4 6
v 5 1
v 6 2
v 7 4
v 8 3
v 9 1
v 10 3
v 11 0
v 12 4
v 13 3
v 14 1
v 15 0
v 16 3
v 17 1
v 18 4
v 19 3
v 20 5
v 21 4
v 22 2
v 23 1
v 24 2
v 25 1
v 26 2
v 27 7
v 28 5
v 29 8
v 30 8
v 31 7
v 32 6
v 33 4
v 34 6
v 35 2
v 36 1
v 37 3
v 38 2
v 39 4
v 40 7
v 41 8
v 42 9
v 43 9
v 44 9
v 45 3
v 46 9
v 47 9
v 48 9
e 0 1 0 0.723
e 1 2 0 0.831
e 2 3 0 0.770
e 3 4 0 0.948
e 4 5 0 0.830
e 5 6 0 0.689
e 6 7 0 0.835
e 7 8 0 0.914
e 8 9 0 0.794
e 9 10 0 0.657
e 10 11 0 0.725
e 11 12 0 0.965
e 12 13 0 0.811
e 13 14 0 0.878
e 14 15 0 0.999
e 15 16 0 0.674
e 16 17 0 0.687
e 17 18 0 0.831
e 18 19 0 0.732
e 19 20 0 0.959
e 20 21 0 0.910
e 21 22 0 0.753
e 22 23 0 0.689
e 23 24 0 0.676
e 24 25 0 0.671
e 25 26 0 0.944
e 26 27 0 0.924
e 27 28 0 0.998
e 28 29 0 0.982
e 29 30 0 0.686
e 30 31 0 0.695
e 31 32 0 0.881
e 32 33 0 0.846
e 33 34 0 0.904
e 34 35 0 0.712
e 35 36 0 0.923
e 36 37 0 0.809
e 37 38 0 0.845
e 38 39 0 0.805
e 39 40 0 0.756
e 40 41 0 0.798
e 41 42 0 0.614
e 42 43 0 0.757
e 43 44 0 0.954
e 44 45 0 0.798
e 45 46 0 0.784
e 46 47 0 0.989
e 47 48 0 0.734
t # 44
v 0 0
v 1 2
v 2 3
v 3 5
v 4 4
v 5 7
v 6 2
v 7 8
v 8 4
v 9 8
v 10 9
v 11 9
v 12 9
v 13 9
v 14 6
v 15 7
v 16 8
v 17 8
v 18 8
v 19 8
v 20 6
v 21 5
v 22 2
v 23 6
v 24 5
v 25 3
v 26 7
v 27 7
v 28 2
v 29 5
v 30 5
v 31 1
v 32 2
v 33 4
v 34 3
v 35 6
v 36 3
v 37 0
v 38 0
e 0 1 0 0.583
e 1 2 0 0.922
e 2 3 0 0.611
e 3 4 0 0.796
e 4 5 0 0.761
e 5 6 0 0.886
e 6 7 0 0.860
e 7 8 0 0.845
e 8 9 0 0.828
e 9 10 0 0.647
e 10 11 0 0.799
e 11 12 0 0.878
e 12 13 0 0.930
e 13 14 0 0.730
e 14 15 0 0.741
e 15 16 0 0.988
e 16 17 0 0.973
e 17 18 0 0.841
e 18 19 0 0.899
e 19 20 0 0.869
e 20 21 0 0.836
e 21 22 0 0.844
e 22 23 0 0.839
e 23 24 0 0.483
e 24 25 0 0.763
e 25 26 0 0.801
e 26 27 0 0.870
e 27 28 0 0.789
e 28 29 0 0.797
e 29 30 0 0.953
e 30 31 0 0.808
e 31 32 0 0.987
e 32 33 0 0.779
e 33 34 0 0.733
e 34 35 0 0.689
e 35 36 0 0.756
e 36 37 0 0.952
e 37 38 0 0.648
t # 45
v 0 2
v 1 2
v 2 2
v 3 1
v 4 2
v 5 4
v 6 1
v 7 1
v 8 0
v 9 5
v 10 5
v 11 6
v 12 4
v 13 5
v 14 7
v 15 8
v 16 7
v 17 8
v 18 8
v 19 8
v 20 8
v 21 4
v 22 8
v 23 9
v 24 9
v 25 9
v 26 9
e 0 1 0 0.779
e 1 2 0 0.662
e 2 3 0 0.930
e 3 4 0 0.734
e 4 5 0 0.829
e 5 6 0 0.739
e 6 7 0 0.740
e 7 8 0 0.748
e 8 9 0 0.741
e 9 10 0 0.873
e 10 11 0 0.638
e 11 12 0 0.847
e 12 13 0 0.736
e 13 14 0 0.792
e 14 15 0 0.823
e 15 16 0 0.872
e 16 17 0 0.796
e 17 18 0 0.813
e 18 19 0 0.937
e 19 20 0 0.871
e 20 21 0 0.790
e 21 22 0 0.631
e 22 23 0 0.797
e 23 24 0 0.684
e 24 25 0 0.967
e 25 26 0 0.855
t # 46
v 0 0
v 1 4
v 2 1
v 3 2
v 4 3
v 5 6
v 6 5
v 7 4
v 8 3
v 9 4
v 10 4
v 11 6
v 12 7
v 13 3
v 14 1
v 15 6
v 16 6
v 17 0
v 18 0
v 19 1
v 20 4
v 21 3
v 22 1
v 23 8
v 24 6
v 25 6
v 26 0
v 27 1
v 28 7
v 29 5
v 30 0
v 31 6
v 32 7
v 33 4
v 34 1
v 35 0
v 36 1
e 0 1 0 0.874
e 1 2 0 0.888
e 2 3 0 0.926
e 3 4 0 0.764
e 4 5 0 0.999
e 5 6 0 0.871
e 6 7 0 0.710
e 7 8 0 0.893
e 8 9 0 0.751
e 9 10 0 0.958
e 10 11 0 0.686
e 11 12 0 0.899
e 12 13 0 0.878
e 13 14 0 0.679
e 14 15 0 0.799
e 15 16 0 0.761
e 16 17 0 0.775
e 17 18 0 0.702
e 18 19 0 0.592
e 19 20 0 0.778
e 20 21 0 0.788
e 21 22 0 0.744
e 22 23 0 0.673
e 23 24 0 0.994
e 24 25 0 0.711
e 25 26 0 0.784
e 26 27 0 0.999
e 27 28 0 0.709
e 28 29 0 0.780
e 29 30 0 0.728
e 30 31 0 0.684
e 31 32 0 0.851
e 32 33 0 0.813
e 33 34 0 0.736
e 34 35 0 0.808
e 35 36 0 0.809
t # 47
v 0 0
v 1 3
v 2 7
v 3 2
v 4 2
v 5 4
v 6 2
v 7 0
v 8 5
v 9 4
v 10 0
v 11 4
v 12 1
v 13 4
v 14 2
v 15 2
v 16 6
v 17 4
v 18 1
v 19 6
v 20 7
v 21 5
v 22 1
v 23 0
e 0 1 0 0.758
e 1 2 0 0.835
e 2 3 0 0.732
e 3 4 0 0.697
e 4 5 0 0.836
e 5 6 0 0.808
e 6 7 0 0.830
e 7 8 0 0.844
e 8 9 0 0.758
e 9 10 0 0.659
e 10 11 0 0.786
e 11 12 0 0.707
e 12 13 0 0.868
e 13 14 0 0.870
e 14 15 0 0.722
e 15 16 0 0.811
e 16 17 0 0.854
e 17 18 0 0.640
e 18 19 0 0.868
e 19 20 0 0.823
e 20 21 0 0.806
e 21 22 0 0.961
e 22 23 0 0.807
t # 48
v 0 1
v 1 2
v 2 1
v 3 0
v 4 2
v 5 2
v 6 2
v 7 3
v 8 1
v 9 4
v 10 2
v 11 5
v 12 4
v 13 6
v 14 7
v 15 6
v 16 8
v 17 6
v 18 2
v 19 0
v 20 1
v 21 0
v 22 2
v 23 4
v 24 4
v 25 7
v 26 3
v 27 2
v 28 6
v 29 7
v 30 3
v 31 2
v 32 8
v 33 7
v 34 8
v 35 4
v 36 3
v 37 7
v 38 1
v 39 0
e 0 1 0 0.859
e 1 2 0 0.782
e 2 3 0 0.882
e 3 4 0 0.969
e 4 5 0 0.767
e 5 6 0 0.852
e 6 7 0 0.925
e 7 8 0 0.989
e 8 9 0 0.851
e 9 10 0 0.858
e 10 11 0 0.947
e 11 12 0 0.751
e 12 13 0 0.855
e 13 14 0 0.770
e 14 15 0 0.861
e 15 16 0 0.760
e 16 17 0 0.600
e 17 18 0 0.826
e 18 19 0 0.771
e 19 20 0 0.865
e 20 21 0 0.761
e 21 22 0 0.733
e 22 23 0 0.872
e 23 24 0 0.879
e 24 25 0 0.813
e 25 26 0 0.909
e 26 27 0 0.843
e 27 28 0 0.945
e 28 29 0 0.834
e 29 30 0 0.999
e 30 31 0 0.845
e 31 32 0 0.787
e 32 33 0 0.733
e 33 34 0 0.682
e 34 35 0 0.939
e 35 36 0 0.999
e 36 37 0 0.818
e 37 38 0 0.791
e 38 39 0 0.861
t # 49
v 0 3
v 1 3
v 2 3
v 3 6
v 4 6
v 5 4
v 6 5
v 7 6
v 8 7
v 9 9
v 10 9
v 11 9
v 12 8
v 13 8
v 14 6
v 15 1
v 16 7
v 17 5
v 18 0
v 19 6
v 20 6
v 21 5
v 22 0
v 23 0
e 0 1 0 0.802
e 1 2 0 0.796
e 2 3 0 0.833
e 3 4 0 0.758
e 4 5 0 0.656
e 5 6 0 0.776
e 6 7 0 0.938
e 7 8 0 0.780
e 8 9 0 0.640
e 9 10 0 0.688
e 10 11 0 0.858
e 11 12 0 0.746
e 12 13 0 0.629
e 13 14 0 0.749
e 14 15 0 0.821
e 15 16 0 0.573
e 16 17 0 0.897
e 17 18 0 0.754
e 18 19 0 0.572
e 19 20 0 0.870
e 20 21 0 0.841
e 21 22 0 0.633
e 22 23 0 0.870
t # 50
v 0 4
v 1 2
v 2 8
v 3 6
v 4 1
v 5 4
v 6 5
v 7 7
v 8 5
v 9 6
v 10 7
v 11 4
v 12 6
v 13 8
v 14 3
v 15 5
v 16 3
v 17 4
v 18 5
v 19 4
v 20 4
v 21 5
v 22 4
v 23 4
e 0 1 0 0.742
e 1 2 0 0.775
e 2 3 0 0.922
e 3 4 0 0.716
e 4 5 0 0.871
e 5 6 0 0.903
e 6 7 0 0.825
e 7 8 0 0.745
e 8 9 0 0.989
e 9 10 0 0.828
e 10 11 0 0.673
e 11 12 0 0.661
e 12 13 0 0.557
e 13 14 0 0.616
e 14 15 0 0.717
e 15 16 0 0.870
e 16 17 0 0.781
e 17 18 0 0.839
e 18 19 0 0.969
e 19 20 0 0.773
e 20 21 0 0.832
e 21 22 0 0.764
e 22 23 0 0.848
t # 51
v 0 1
v 1 1
v 2 1
v 3 2
v 4 6
v 5 6
v 6 4
v 7 4
v 8 2
v 9 0
v 10 2
v 11 0
v 12 2
v 13 2
v 14 5
v 15 0
v 16 4
v 17 5
v 18 2
v 19 1
v 20 6
v 21 2
v 22 2
v 23 8
v 24 2
v 25 2
v 26 1
v 27 0
v 28 5
v 29 3
v 30 4
v 31 5
v 32 2
v 33 2
v 34 5
v 35 7
v 36 8
v 37 5
v 38 1
v 39 4
v 40 4
v 41 7
v 42 4
v 43 3
v 44 4
v 45 3
v 46 1
v 47 0
v 48 3
v 49 5
v 50 1
v 51 0
v 52 0
v 53 3
v 54 4
v 55 5
v 56 1
v 57 5
v 58 1
v 59 2
v 60 3
v 61 0
v 62 0
v 63 3
v 64 1
v 65 6
v 66 1
e 0 1 0 0.809
e 1 2 0 0.883
e 2 3 0 0.889
e 3 4 0 0.734
e 4 5 0 0.704
e 5 6 0 0.728
e 6 7 0 0.999
e 7 8 0 0.881
e 8 9 0 0.999
e 9 10 0 0.649
e 10 11 0 0.771
e 11 12 0 0.950
e 12 13 0 0.626
e 13 14 0 0.857
e 14 15 0 0.806
e 15 16 0 0.730
e 16 12 0 0.819
e 12 17 0 0.921
e 17 18 0 0.857
e 18 19 0 0.766
e 19 20 0 0.836
e 20 21 0 0.917
e 21 22 0 0.802
e 22 23 0 0.903
e 23 24 0 0.892
e 24 25 0 0.724
e 25 26 0 0.752
e 26 27 0 0.694
e 27 28 0 0.699
e 28 29 0 0.828
e 29 30 0 0.669
e 30 31 0 0.748
e 31 32 0 0.829
e 32 33 0 0.826
e 33 34 0 0.773
e 34 35 0 0.863
e 35 36 0 0.809
e 36 37 0 0.777
e 37 38 0 0.877
e 38 39 0 0.758
e 39 40 0 0.793
e 40 41 0 0.715
e 41 42 0 0.800
e 42 43 0 0.842
e 43 44 0 0.705
e 44 45 0 0.967
e 45 46 0 0.843
e 46 47 0 0.747
e 47 48 0 0.642
e 48 49 0 0.821
e 49 50 0 0.800
e 50 51 0 0.724
e 51 52 0 0.793
e 52 53 0 0.741
e 53 54 0 0.841
e 54 55 0 0.683
e 55 56 0 0.999
e 56 57 0 0.828
e 57 58 0 0.984
e 58 59 0 0.834
e 59 60 0 0.864
e 60 61 0 0.776
e 61 62 0 0.816
e 62 63 0 0.802
e 63 64 0 0.721
e 64 65 0 0.903
e 65 66 0 0.761
t # 52
v 0 4
v 1 2
v 2 2
v 3 8
v 4 8
v 5 8
v 6 8
v 7 8
v 8 5
v 9 0
v 10 7
v 11 7
v 12 8
v 13 7
v 14 7
v 15 5
v 16 5
v 17 5
v 18 4
v 19 1
v 20 0
v 21 1
v 22 3
v 23 0
v 24 2
v 25 3
v 26 3
v 27 1
v 28 1
v 29 4
v 30 0
v 31 0
v 32 4
v 33 0
v 34 3
v 35 7
v 36 7
v 37 2
v 38 1
v 39 3
v 40 5
v 41 1
v 42 2
v 43 1
e 0 1 0 0.848
e 1 2 0 0.843
e 2 3 0 0.702
e 3 4 0 0.972
e 4 5 0 0.762
e 5 6 0 0.780
e 6 7 0 0.627
e 7 8 0 0.969
e 8 9 0 0.966
e 9 10 0 0.832
e 10 7 0 0.732
e 7 11 0 0.860
e 11 12 0 0.842
e 12 13 0 0.711
e 13 14 0 0.895
e 14 15 0 0.595
e 15 16 0 0.785
e 16 17 0 0.908
e 17 18 0 0.609
e 18 19 0 0.764
e 19 20 0 0.925
e 20 19 0 0.881
e 19 21 0 0.677
e 21 22 0 0.796
e 22 23 0 0.723
e 23 24 0 0.760
e 24 25 0 0.899
e 25 26 0 0.967
e 26 27 0 0.641
e 27 28 0 0.834
e 28 29 0 0.759
e 29 30 0 0.839
e 30 31 0 0.682
e 31 32 0 0.833
e 32 33 0 0.861
e 33 34 0 0.817
e 34 35 0 0.773
e 35 36 0 0.786
e 36 37 0 0.853
e 37 38 0 0.638
e 38 39 0 0.614
e 39 40 0 0.793
e 40 41 0 0.740
e 41 42 0 0.827
e 42 43 0 0.762
t # 53
v 0 0
v 1 5
v 2 2
v 3 4
v 4 3
v 5 1
v 6 3
v 7 4
v 8 7
v 9 5
v 10 1
v 11 3
v 12 5
v 13 3
v 14 2
v 15 1
v 16 1
v 17 5
v 18 4
v 19 2
v 20 0
v 21 3
v 22 1
v 23 4
v 24 2
v 25 3
v 26 6
v 27 6
v 28 1
v 29 6
v 30 7
v 31 5
v 32 1
v 33 0
e 0 1 0 0.811
e 1 2 0 0.949
e 2 3 0 0.899
e 3 4 0 0.989
e 4 5 0 0.975
e 5 6 0 0.780
e 6 7 0 0.782
e 7 8 0 0.788
e 8 9 0 0.663
e 9 10 0 0.676
e 10 11 0 0.647
e 11 12 0 0.783
e 12 13 0 0.911
e 13 14 0 0.724
e 14 15 0 0.824
e 15 16 0 0.956
e 16 17 0 0.842
e 17 18 0 0.644
e 18 19 0 0.872
e 19 20 0 0.666
e 20 21 0 0.670
e 21 22 0 0.791
e 22 23 0 0.856
e 23 24 0 0.888
e 24 25 0 0.691
e 25 26 0 0.824
e 26 27 0 0.852
e 27 28 0 0.788
e 28 29 0 0.699
e 29 30 0 0.667
e 30 31 0 0.867
e 31 32 0 0.908
e 32 33 0 0.717
t # 54
v 0 1
v 1 3
v 2 2
v 3 1
v 4 1
v 5 3
v 6 6
v 7 3
v 8 2
v 9 6
v 10 5
v 11 6
v 12 7
v 13 8
v 14 9
v 15 3
v 16 2
v 17 7
v 18 7
v 19 8
v 20 8
v 21 8
v 22 9
v 23 9
v 24 9
v 25 9
v 26 9
v 27 9
v 28 9
v 29 5
v 30 8
v 31 9
v 32 9
v 33 9
v 34 9
v 35 9
e 0 1 0 0.882
e 1 2 0 0.866
e 2 3 0 0.802
e 3 4 0 0.751
e 4 5 0 0.812
e 5 6 0 0.860
e 6 7 0 0.887
e 7 8 0 0.570
e 8 9 0 0.774
e 9 10 0 0.867
e 10 11 0 0.756
e 11 12 0 0.854
e 12 13 0 0.723
e 13 14 0 0.849
e 14 15 0 0.771
e 15 16 0 0.773
e 16 17 0 0.720
e 17 18 0 0.851
e 18 19 0 0.874
e 19 20 0 0.862
e 20 21 0 0.815
e 21 22 0 0.748
e 22 23 0 0.770
e 23 24 0 0.627
e 24 25 0 0.863
e 25 26 0 0.776
e 26 27 0 0.700
e 27 28 0 0.778
e 28 29 0 0.684
e 29 30 0 0.718
e 30 31 0 0.747
e 31 32 0 0.706
e 32 33 0 0.806
e 33 34 0 0.713
e 34 35 0 0.854
t # 55
v 0 1
v 1 2
v 2 2
v 3 1
v 4 2
v 5 5
v 6 1
v 7 4
v 8 0
v 9 4
v 10 5
v 11 5
v 12 0
v 13 1
v 14 3
v 15 6
v 16 2
v 17 2
v 18 1
v 19 2
v 20 1
v 21 2
v 22 3
v 23 1
v 24 3
v 25 2
v 26 0
v 27 2
v 28 1
v 29 1
v 30 3
v 31 4
v 32 2
v 33 6
v 34 5
v 35 5
v 36 6
v 37 7
v 38 2
v 39 0
e 0 1 0 0.874
e 1 2 0 0.882
e 2 3 0 0.653
e 3 4 0 0.669
e 4 5 0 0.673
e 5 6 0 0.748
e 6 7 0 0.701
e 7 8 0 0.720
e 8 9 0 0.722
e 9 10 0 0.802
e 10 11 0 0.873
e 11 12 0 0.808
e 12 13 0 0.889
e 13 14 0 0.745
e 14 15 0 0.639
e 15 16 0 0.935
e 16 17 0 0.872
e 17 18 0 0.719
e 18 19 0 0.853
e 19 20 0 0.881
e 20 21 0 0.822
e 21 22 0 0.884
e 22 23 0 0.797
e 23 24 0 0.762
e 24 25 0 0.874
e 25 26 0 0.800
e 26 27 0 0.860
e 27 28 0 0.768
e 28 29 0 0.685
e 29 30 0 0.931
e 30 31 0 0.676
e 31 32 0 0.818
e 32 33 0 0.734
e 33 34 0 0.921
e 34 35 0 0.840
e 35 36 0 0.694
e 36 37 0 0.802
e 37 38 0 0.857
e 38 39 0 0.834
t # 56
v 0 0
v 1 3
v 2 5
v 3 2
v 4 3
v 5 5
v 6 3
v 7 2
v 8 1
v 9 6
v 10 1
v 11 5
v 12 3
v 13 5
v 14 2
v 15 0
e 0 1 0 0.831
e 1 2 0 0.748
e 2 3 0 0.783
e 3 4 0 0.971
e 4 5 0 0.569
e 5 6 0 0.626
e 6 7 0 0.873
e 7 8 0 0.641
e 8 9 0 0.715
e 9 10 0 0.966
e 10 11 0 0.734
e 11 12 0 0.837
e 12 13 0 0.906
e 13 14 0 0.609
e 14 15 0 0.936
t # 57
v 0 1
v 1 0
v 2 7
v 3 6
v 4 4
v 5 5
v 6 2
v 7 2
v 8 5
v 9 3
v 10 6
v 11 5
v 12 1
v 13 2
v 14 5
v 15 2
v 16 1
v 17 4
v 18 5
v 19 1
v 20 0
v 21 0
e 0 1 0 0.790
e 1 2 0 0.856
e 2 3 0 0.739
e 3 4 0 0.861
e 4 5 0 0.791
e 5 6 0 0.627
e 6 7 0 0.802
e 7 8 0 0.824
e 8 9 0 0.809
e 9 10 0 0.968
e 10 11 0 0.872
e 11 12 0 0.741
e 12 13 0 0.677
e 13 14 0 0.751
e 14 15 0 0.999
e 15 16 0 0.707
e 16 17 0 0.705
e 17 18 0 0.842
e 18 19 0 0.950
e 19 20 0 0.814
e 20 21 0 0.791
t # 58
v 0 0
v 1 1
v 2 1
v 3 3
v 4 1
v 5 4
v 6 0
v 7 5
v 8 6
v 9 6
v 10 2
v 11 2
v 12 1
v 13 5
v 14 4
v 15 1
v 16 1
v 17 5
v 18 6
v 19 7
v 20 5
v 21 2
v 22 0
e 0 1 0 0.787
e 1 2 0 0.735
e 2 3 0 0.751
e 3 4 0 0.753
e 4 5 0 0.967
e 5 6 0 0.877
e 6 7 0 0.777
e 7 8 0 0.801
e 8 9 0 0.811
e 9 10 0 0.755
e 10 11 0 0.661
e 11 12 0 0.844
e 12 13 0 0.768
e 13 14 0 0.758
e 14 15 0 0.836
e 15 16 0 0.867
e 16 17 0 0.798
e 17 18 0 0.632
e 18 19 0 0.667
e 19 20 0 0.772
e 20 21 0 0.553
e 21 22 0 0.679
t # 59
v 0 4
v 1 0
v 2 3
v 3 7
v 4 4
v 5 7
v 6 9
v 7 9
v 8 9
v 9 9
v 10 9
v 11 9
v 12 7
v 13 7
v 14 3
v 15 5
v 16 6
v 17 7
v 18 9
v 19 6
v 20 2
v 21 1
v 22 2
v 23 0
e 0 1 0 0.837
e 1 2 0 0.860
e 2 3 0 0.867
e 3 4 0 0.639
e 4 5 0 0.669
e 5 6 0 0.866
e 6 7 0 0.819
e 7 8 0 0.815
e 8 9 0 0.776
e 9 10 0 0.707
e 10 11 0 0.830
e 11 12 0 0.611
e 12 13 0 0.873
e 13 14 0 0.730
e 14 15 0 0.725
e 15 16 0 0.860
e 16 17 0 0.907
e 17 18 0 0.725
e 18 19 0 0.866
e 19 20 0 0.951
e 20 21 0 0.797
e 21 22 0 0.887
e 22 23 0 0.786
t # 60
v 0 0
v 1 0
v 2 1
v 3 2
v 4 1
v 5 0
v 6 1
v 7 0
v 8 2
v 9 2
v 10 4
v 11 1
v 12 0
v 13 4
v 14 1
v 15 5
v 16 3
v 17 5
v 18 3
v 19 5
v 20 6
v 21 8
v 22 2
v 23 3
v 24 6
v 25 7
v 26 6
v 27 8
v 28 8
v 29 4
v 30 8
v 31 9
v 32 9
v 33 9
e 0 1 0 0.942
e 1 0 0 0.784
e 0 1 0 0.884
e 1 0 0 0.885
e 0 2 0 0.791
e 2 3 0 0.989
e 3 4 0 0.520
e 4 5 0 0.853
e 5 4 0 0.743
e 4 5 0 0.774
e 5 6 0 0.916
e 6 7 0 0.840
e 7 8 0 0.863
e 8 9 0 0.694
e 9 10 0 0.717
e 10 11 0 0.771
e 11 12 0 0.823
e 12 13 0 0.753
e 13 14 0 0.731
e 14 15 0 0.778
e 15 16 0 0.758
e 16 17 0 0.780
e 17 18 0 0.696
e 18 19 0 0.874
e 19 20 0 0.980
e 20 21 0 0.630
e 21 22 0 0.641
e 22 23 0 0.916
e 23 24 0 0.670
e 24 25 0 0.752
e 25 26 0 0.746
e 26 27 0 0.830
e 27 28 0 0.766
e 28 29 0 0.968
e 29 30 0 0.781
e 30 31 0 0.874
e 31 32 0 0.999
e 32 33 0 0.931
t # 61
v 0 0
v 1 3
v 2 5
v 3 8
v 4 6
v 5 6
v 6 8
v 7 6
v 8 3
v 9 3
v 10 5
v 11 6
v 12 8
v 13 6
v 14 5
v 15 4
v 16 0
v 17 6
v 18 8
v 19 5
v 20 0
v 21 5
v 22 4
v 23 3
v 24 0
v 25 7
v 26 8
e 0 1 0 0.976
e 1 2 0 0.828
e 2 3 0 0.633
e 3 4 0 0.999
e 4 5 0 0.892
e 5 6 0 0.700
e 6 7 0 0.884
e 7 8 0 0.702
e 8 9 0 0.859
e 9 10 0 0.898
e 10 11 0 0.753
e 11 12 0 0.816
e 12 13 0 0.660
e 13 14 0 0.563
e 14 15 0 0.689
e 15 16 0 0.647
e 16 17 0 0.823
e 17 18 0 0.912
e 18 19 0 0.884
e 19 20 0 0.578
e 20 21 0 0.785
e 21 22 0 0.748
e 22 23 0 0.763
e 23 24 0 0.877
e 24 25 0 0.931
e 25 26 0 0.752
t # 62
v 0 1
v 1 5
v 2 6
v 3 5
v 4 6
v 5 8
v 6 6
v 7 7
v 8 8
v 9 7
v 10 7
v 11 4
v 12 1
v 13 3
v 14 3
v 15 4
v 16 4
v 17 5
v 18 5
v 19 4
v 20 6
v 21 5
v 22 5
v 23 5
v 24 5
v 25 5
v 26 8
v 27 8
v 28 8
v 29 5
v 30 2
v 31 5
v 32 3
v 33 4
v 34 4
v 35 6
v 36 5
v 37 5
v 38 3
v 39 5
v 40 5
v 41 3
v 42 6
v 43 2
v 44 1
v 45 1
v 46 1
e 0 1 0 0.584
e 1 2 0 0.687
e 2 3 0 0.688
e 3 4 0 0.701
e 4 5 0 0.775
e 5 6 0 0.749
e 6 7 0 0.927
e 7 8 0 0.838
e 8 9 0 0.814
e 9 10 0 0.912
e 10 11 0 0.862
e 11 12 0 0.826
e 12 13 0 0.667
e 13 14 0 0.792
e 14 15 0 0.847
e 15 16 0 0.868
e 16 17 0 0.880
e 17 18 0 0.861
e 18 19 0 0.692
e 19 20 0 0.817
e 20 21 0 0.649
e 21 22 0 0.850
e 22 23 0 0.749
e 23 24 0 0.835
e 24 25 0 0.690
e 25 26 0 0.873
e 26 27 0 0.956
e 27 28 0 0.770
e 28 29 0 0.869
e 29 30 0 0.705
e 30 31 0 0.774
e 31 32 0 0.792
e 32 33 0 0.871
e 33 34 0 0.885
e 34 35 0 0.810
e 35 36 0 0.657
e 36 37 0 0.702
e 37 38 0 0.815
e 38 39 0 0.762
e 39 40 0 0.875
e 40 41 0 0.860
e 41 42 0 0.687
e 42 43 0 0.882
e 43 44 0 0.743
e 44 45 0 0.746
e 45 46 0 0.938
t # 63
v 0 1
v 1 3
v 2 1
v 3 0
v 4 0
v 5 2
v 6 2
v 7 4
v 8 9
v 9 3
v 10 0
v 11 0
v 12 0
v 13 0
v 14 5
v 15 2
v 16 0
v 17 1
v 18 0
v 19 4
v 20 8
v 21 1
v 22 3
v 23 6
v 24 4
v 25 2
v 26 1
v 27 6
v 28 8
v 29 4
v 30 2
v 31 8
v 32 8
v 33 8
v 34 7
v 35 8
v 36 9
v 37 9
v 38 9
e 0 1 0 0.721
e 1 2 0 0.830
e 2 3 0 0.932
e 3 4 0 0.792
e 4 5 0 0.796
e 5 6 0 0.851
e 6 7 0 0.976
e 7 8 0 0.861
e 8 9 0 0.783
e 9 10 0 0.703
e 10 11 0 0.857
e 11 10 0 0.781
e 10 11 0 0.843
e 11 12 0 0.715
e 12 13 0 0.706
e 13 12 0 0.913
e 12 13 0 0.880
e 13 12 0 0.983
e 12 14 0 0.791
e 14 15 0 0.914
e 15 16 0 0.781
e 16 17 0 0.897
e 17 18 0 0.802
e 18 19 0 0.739
e 19 20 0 0.732
e 20 21 0 0.876
e 21 22 0 0.732
e 22 23 0 0.686
e 23 24 0 0.999
e 24 25 0 0.999
e 25 26 0 0.734
e 26 27 0 0.853
e 27 28 0 0.916
e 28 29 0 0.843
e 29 30 0 0.836
e 30 31 0 0.864
e 31 32 0 0.820
e 32 33 0 0.976
e 33 34 0 0.905
e 34 35 0 0.798
e 35 36 0 0.811
e 36 37 0 0.987
e 37 38 0 0.855
t # 64
v 0 0
v 1 2
v 2 4
v 3 7
v 4 7
v 5 7
v 6 7
v 7 7
v 8 6
v 9 8
v 10 5
v 11 1
v 12 4
v 13 5
v 14 3
v 15 4
v 16 3
v 17 4
e 0 1 0 0.783
e 1 2 0 0.831
e 2 3 0 0.828
e 3 4 0 0.970
e 4 5 0 0.876
e 5 6 0 0.980
e 6 7 0 0.862
e 7 8 0 0.765
e 8 9 0 0.798
e 9 10 0 0.761
e 10 11 0 0.764
e 11 12 0 0.648
e 12 13 0 0.745
e 13 14 0 0.869
e 14 15 0 0.799
e 15 16 0 0.927
e 16 17 0 0.831
t # 65
v 0 0
v 1 2
v 2 5
v 3 3
v 4 4
v 5 6
v 6 5
v 7 2
v 8 0
v 9 0
v 10 4
v 11 5
v 12 7
v 13 8
v 14 8
v 15 8
v 16 7
v 17 4
v 18 2
v 19 7
v 20 0
v 21 1
v 22 5
v 23 7
v 24 8
v 25 9
v 26 9
v 27 9
v 28 9
v 29 6
v 30 6
v 31 7
v 32 8
v 33 8
v 34 8
v 35 7
v 36 6
v 37 4
v 38 5
v 39 7
v 40 3
v 41 7
v 42 7
v 43 2
v 44 6
v 45 4
v 46 2
v 47 3
v 48 7
v 49 5
v 50 0
v 51 0
v 52 0
e 0 1 0 0.704
e 1 2 0 0.810
e 2 3 0 0.972
e 3 4 0 0.793
e 4 5 0 0.999
e 5 6 0 0.925
e 6 7 0 0.754
e 7 8 0 0.671
e 8 9 0 0.833
e 9 10 0 0.845
e 10 11 0 0.839
e 11 12 0 0.999
e 12 13 0 0.730
e 13 14 0 0.944
e 14 15 0 0.909
e 15 16 0 0.815
e 16 17 0 0.681
e 17 18 0 0.829
e 18 19 0 0.945
e 19 20 0 0.877
e 20 21 0 0.864
e 21 22 0 0.710
e 22 23 0 0.727
e 23 24 0 0.886
e 24 25 0 0.890
e 25 26 0 0.642
e 26 27 0 0.824
e 27 28 0 0.743
e 28 29 0 0.869
e 29 30 0 0.837
e 30 31 0 0.858
e 31 32 0 0.793
e 32 33 0 0.709
e 33 34 0 0.733
e 34 35 0 0.833
e 35 36 0 0.777
e 36 37 0 0.663
e 37 38 0 0.971
e 38 39 0 0.816
e 39 40 0 0.771
e 40 41 0 0.746
e 41 42 0 0.809
e 42 43 0 0.857
e 43 44 0 0.595
e 44 45 0 0.820
e 45 46 0 0.839
e 46 47 0 0.823
e 47 48 0 0.794
e 48 49 0 0.948
e 49 50 0 0.934
e 50 51 0 0.743
e 51 52 0 0.738
t # 66
v 0 1
v 1 2
v 2 3
v 3 2
v 4 4
v 5 5
v 6 5
v 7 0
v 8 0
v 9 4
v 10 4
v 11 5
v 12 4
v 13 2
v 14 3
v 15 3
v 16 2
v 17 2
v 18 0
v 19 0
v 20 2
v 21 1
v 22 3
v 23 5
v 24 5
v 25 1
v 26 0
v 27 7
v 28 0
v 29 2
v 30 6
v 31 3
v 32 4
v 33 4
v 34 1
v 35 3
v 36 6
v 37 8
v 38 9
v 39 9
v 40 9
e 0 1 0 0.838
e 1 2 0 0.750
e 2 3 0 0.725
e 3 4 0 0.722
e 4 5 0 0.669
e 5 6 0 0.864
e 6 7 0 0.867
e 7 8 0 0.540
e 8 9 0 0.907
e 9 10 0 0.861
e 10 11 0 0.826
e 11 12 0 0.904
e 12 13 0 0.642
e 13 14 0 0.707
e 14 15 0 0.677
e 15 16 0 0.797
e 16 17 0 0.799
e 17 18 0 0.858
e 18 19 0 0.838
e 19 20 0 0.733
e 20 21 0 0.752
e 21 22 0 0.778
e 22 23 0 0.885
e 23 24 0 0.809
e 24 25 0 0.887
e 25 26 0 0.660
e 26 27 0 0.707
e 27 28 0 0.989
e 28 29 0 0.834
e 29 30 0 0.776
e 30 31 0 0.743
e 31 32 0 0.933
e 32 33 0 0.867
e 33 34 0 0.698
e 34 35 0 0.900
e 35 36 0 0.894
e 36 37 0 0.932
e 37 38 0 0.944
e 38 39 0 0.736
e 39 40 0 0.603
t # 67
v 0 0
v 1 7
v 2 6
v 3 6
v 4 8
v 5 7
v 6 8
v 7 9
e 0 1 0 0.659
e 1 2 0 0.629
e 2 3 0 0.728
e 3 4 0 0.911
e 4 5 0 0.792
e 5 6 0 0.880
e 6 7 0 0.787
t # 68
v 0 0
v 1 0
v 2 5
v 3 5
v 4 8
v 5 8
v 6 9
v 7 9
v 8 9
v 9 9
v 10 9
v 11 9
v 12 9
v 13 9
v 14 9
v 15 9
v 16 9
v 17 8
v 18 9
v 19 8
v 20 9
v 21 9
v 22 8
v 23 2
v 24 2
v 25 1
v 26 3
v 27 3
v 28 0
e 0 1 0 0.836
e 1 0 0 0.890
e 0 1 0 0.750
e 1 2 0 0.599
e 2 3 0 0.672
e 3 4 0 0.782
e 4 5 0 0.470
e 5 6 0 0.768
e 6 7 0 0.846
e 7 8 0 0.683
e 8 9 0 0.754
e 9 10 0 0.874
e 10 11 0 0.696
e 11 12 0 0.812
e 12 13 0 0.946
e 13 14 0 0.850
e 14 15 0 0.725
e 15 16 0 0.911
e 16 17 0 0.845
e 17 18 0 0.721
e 18 19 0 0.859
e 19 20 0 0.797
e 20 21 0 0.645
e 21 22 0 0.860
e 22 23 0 0.805
e 23 24 0 0.718
e 24 25 0 0.802
e 25 26 0 0.824
e 26 27 0 0.781
e 27 28 0 0.843
t # 69
v 0 1
v 1 1
v 2 2
v 3 5
v 4 0
v 5 3
v 6 0
v 7 5
v 8 3
v 9 4
v 10 4
v 11 1
v 12 3
v 13 6
v 14 8
v 15 9
v 16 8
v 17 7
v 18 7
v 19 4
v 20 0
v 21 6
v 22 2
v 23 0
v 24 1
v 25 2
e 0 1 0 0.859
e 1 2 0 0.714
e 2 3 0 0.754
e 3 4 0 0.858
e 4 5 0 0.749
e 5 6 0 0.756
e 6 7 0 0.855
e 7 8 0 0.863
e 8 9 0 0.851
e 9 10 0 0.652
e 10 11 0 0.885
e 11 12 0 0.815
e 12 13 0 0.778
e 13 14 0 0.723
e 14 15 0 0.999
e 15 16 0 0.857
e 16 17 0 0.927
e 17 18 0 0.755
e 18 19 0 0.812
e 19 20 0 0.940
e 20 21 0 0.854
e 21 22 0 0.752
e 22 23 0 0.769
e 23 24 0 0.762
e 24 25 0 0.541
t # 70
v 0 1
v 1 5
v 2 4
v 3 2
v 4 6
v 5 6
v 6 4
v 7 8
v 8 7
v 9 4
v 10 6
v 11 7
v 12 6
v 13 7
v 14 9
v 15 8
v 16 9
v 17 9
v 18 6
v 19 6
v 20 2
v 21 3
v 22 8
v 23 6
v 24 2
v 25 6
v 26 8
v 27 6
v 28 7
v 29 8
v 30 7
v 31 1
v 32 5
v 33 6
v 34 5
v 35 5
v 36 5
v 37 7
v 38 6
v 39 3
v 40 5
e 0 1 0 0.830
e 1 2 0 0.912
e 2 3 0 0.712
e 3 4 0 0.729
e 4 5 0 0.838
e 5 6 0 0.924
e 6 7 0 0.797
e 7 8 0 0.918
e 8 9 0 0.778
e 9 10 0 0.865
e 10 11 0 0.840
e 11 12 0 0.807
e 12 13 0 0.781
e 13 14 0 0.758
e 14 15 0 0.730
e 15 16 0 0.727
e 16 17 0 0.945
e 17 18 0 0.736
e 18 19 0 0.887
e 19 20 0 0.669
e 20 21 0 0.704
e 21 22 0 0.782
e 22 23 0 0.735
e 23 24 0 0.835
e 24 25 0 0.895
e 25 26 0 0.779
e 26 27 0 0.788
e 27 28 0 0.862
e 28 29 0 0.868
e 29 30 0 0.787
e 30 31 0 0.780
e 31 32 0 0.711
e 32 33 0 0.856
e 33 34 0 0.731
e 34 35 0 0.749
e 35 36 0 0.817
e 36 37 0 0.838
e 37 38 0 0.851
e 38 39 0 0.928
e 39 40 0 0.902
t # 71
v 0 0
v 1 0
v 2 3
v 3 4
v 4 2
v 5 1
v 6 0
v 7 5
v 8 4
v 9 5
v 10 8
v 11 9
v 12 9
v 13 9
v 14 9
v 15 9
v 16 9
e 0 1 0 0.814
e 1 0 0 0.834
e 0 2 0 0.821
e 2 3 0 0.756
e 3 4 0 0.764
e 4 5 0 0.904
e 5 6 0 0.712
e 6 7 0 0.837
e 7 8 0 0.828
e 8 9 0 0.725
e 9 10 0 0.909
e 10 11 0 0.883
e 11 12 0 0.884
e 12 13 0 0.781
e 13 14 0 0.825
e 14 15 0 0.884
e 15 16 0 0.872
t # 72
v 0 1
v 1 4
v 2 2
v 3 2
v 4 1
v 5 3
v 6 6
v 7 2
v 8 5
v 9 3
v 10 6
v 11 3
v 12 1
v 13 4
v 14 8
v 15 3
v 16 7
v 17 0
v 18 1
v 19 0
v 20 0
e 0 1 0 0.790
e 1 2 0 0.688
e 2 3 0 0.788
e 3 4 0 0.861
e 4 5 0 0.826
e 5 6 0 0.857
e 6 7 0 0.892
e 7 8 0 0.842
e 8 9 0 0.720
e 9 10 0 0.856
e 10 11 0 0.881
e 11 12 0 0.718
e 12 13 0 0.808
e 13 14 0 0.883
e 14 15 0 0.548
e 15 16 0 0.749
e 16 17 0 0.887
e 17 18 0 0.871
e 18 19 0 0.724
e 19 20 0 0.904
t # 73
v 0 2
v 1 5
v 2 8
v 3 7
v 4 8
v 5 3
v 6 1
v 7 5
v 8 9
v 9 9
v 10 9
v 11 9
v 12 9
v 13 9
v 14 9
v 15 9
v 16 9
v 17 9
v 18 6
v 19 8
v 20 9
v 21 9
v 22 9
v 23 9
v 24 9
v 25 8
v 26 3
v 27 4
v 28 0
v 29 0
e 0 1 0 0.628
e 1 2 0 0.836
e 2 3 0 0.716
e 3 4 0 0.622
e 4 5 0 0.629
e 5 6 0 0.715
e 6 7 0 0.813
e 7 8 0 0.847
e 8 9 0 0.796
e 9 10 0 0.947
e 10 11 0 0.677
e 11 12 0 0.811
e 12 13 0 0.599
e 13 14 0 0.699
e 14 15 0 0.964
e 15 16 0 0.902
e 16 17 0 0.635
e 17 18 0 0.701
e 18 19 0 0.744
e 19 20 0 0.866
e 20 21 0 0.666
e 21 22 0 0.758
e 22 23 0 0.777
e 23 24 0 0.840
e 24 25 0 0.809
e 25 26 0 0.999
e 26 27 0 0.648
e 27 28 0 0.720
e 28 29 0 0.889
t # 74
v 0 3
v 1 1
v 2 6
v 3 8
v 4 8
v 5 5
v 6 6
v 7 6
v 8 6
v 9 9
v 10 8
v 11 9
v 12 9
v 13 8
v 14 8
v 15 6
v 16 3
v 17 1
v 18 7
v 19 7
v 20 0
v 21 6
v 22 7
v 23 8
v 24 0
v 25 2
v 26 5
v 27 3
v 28 1
v 29 1
v 30 0
e 0 1 0 0.816
e 1 0 0 0.952
e 0 2 0 0.999
e 2 3 0 0.798
e 3 4 0 0.764
e 4 5 0 0.818
e 5 6 0 0.820
e 6 7 0 0.641
e 7 8 0 0.748
e 8 9 0 0.818
e 9 10 0 0.729
e 10 11 0 0.738
e 11 12 0 0.907
e 12 13 0 0.793
e 13 14 0 0.875
e 14 15 0 0.843
e 15 16 0 0.507
e 16 17 0 0.660
e 17 18 0 0.729
e 18 19 0 0.876
e 19 20 0 0.857
e 20 21 0 0.770
e 21 22 0 0.820
e 22 23 0 0.828
e 23 24 0 0.646
e 24 25 0 0.699
e 25 26 0 0.810
e 26 27 0 0.829
e 27 28 0 0.764
e 28 29 0 0.760
e 29 30 0 0.999
t # 75
v 0 1
v 1 4
v 2 2
v 3 0
v 4 2
v 5 3
v 6 0
v 7 2
v 8 5
v 9 2
v 10 1
v 11 0
v 12 1
v 13 4
v 14 6
v 15 8
v 16 7
v 17 1
v 18 4
v 19 4
v 20 6
v 21 0
e 0 1 0 0.748
e 1 2 0 0.624
e 2 3 0 0.876
e 3 4 0 0.759
e 4 5 0 0.816
e 5 6 0 0.778
e 6 7 0 0.906
e 7 8 0 0.857
e 8 9 0 0.872
e 9 10 0 0.777
e 10 11 0 0.828
e 11 12 0 0.990
e 12 13 0 0.971
e 13 14 0 0.714
e 14 15 0 0.874
e 15 16 0 0.811
e 16 17 0 0.775
e 17 18 0 0.803
e 18 19 0 0.914
e 19 20 0 0.777
e 20 21 0 0.813
t # 76
v 0 0
v 1 2
v 2 4
v 3 4
v 4 1
v 5 0
v 6 1
v 7 2
v 8 8
v 9 8
v 10 4
v 11 5
v 12 4
v 13 5
v 14 7
v 15 3
v 16 8
v 17 3
v 18 8
v 19 9
v 20 9
e 0 1 0 0.878
e 1 2 0 0.894
e 2 3 0 0.707
e 3 4 0 0.906
e 4 5 0 0.510
e 5 6 0 0.722
e 6 7 0 0.816
e 7 8 0 0.767
e 8 9 0 0.847
e 9 10 0 0.792
e 10 11 0 0.979
e 11 12 0 0.833
e 12 13 0 0.712
e 13 14 0 0.833
e 14 15 0 0.653
e 15 16 0 0.909
e 16 17 0 0.952
e 17 18 0 0.999
e 18 19 0 0.591
e 19 20 0 0.737
t # 77
v 0 1
v 1 4
v 2 3
v 3 2
v 4 1
v 5 0
v 6 5
v 7 3
v 8 2
v 9 0
v 10 2
v 11 3
v 12 0
v 13 2
v 14 6
v 15 1
v 16 1
v 17 6
v 18 6
e 0 1 0 0.822
e 1 2 0 0.820
e 2 3 0 0.786
e 3 4 0 0.999
e 4 5 0 0.919
e 5 6 0 0.915
e 6 7 0 0.720
e 7 8 0 0.747
e 8 9 0 0.723
e 9 10 0 0.800
e 10 9 0 0.836
e 9 10 0 0.730
e 10 11 0 0.687
e 11 12 0 0.910
e 12 13 0 0.861
e 13 14 0 0.785
e 14 15 0 0.844
e 15 16 0 0.999
e 16 17 0 0.784
e 17 18 0 0.764
t # 78
v 0 0
v 1 2
v 2 3
v 3 7
v 4 6
v 5 3
v 6 8
v 7 8
v 8 9
v 9 9
v 10 9
v 11 9
v 12 9
v 13 9
v 14 9
v 15 9
v 16 8
v 17 4
v 18 8
v 19 8
v 20 3
v 21 4
v 22 1
v 23 1
v 24 0
v 25 1
v 26 0
v 27 5
v 28 0
v 29 0
v 30 5
v 31 0
v 32 0
v 33 3
v 34 5
v 35 1
v 36 1
v 37 6
v 38 4
v 39 3
v 40 5
v 41 3
v 42 5
v 43 8
v 44 1
v 45 8
v 46 8
v 47 8
v 48 9
v 49 9
v 50 8
e 0 1 0 0.933
e 1 2 0 0.911
e 2 3 0 0.828
e 3 4 0 0.823
e 4 5 0 0.766
e 5 6 0 0.673
e 6 7 0 0.688
e 7 8 0 0.913
e 8 9 0 0.839
e 9 10 0 0.881
e 10 11 0 0.679
e 11 12 0 0.703
e 12 13 0 0.875
e 13 14 0 0.943
e 14 15 0 0.879
e 15 16 0 0.751
e 16 17 0 0.836
e 17 18 0 0.925
e 18 19 0 0.999
e 19 20 0 0.699
e 20 21 0 0.833
e 21 22 0 0.728
e 22 23 0 0.843
e 23 24 0 0.899
e 24 25 0 0.663
e 25 26 0 0.866
e 26 27 0 0.691
e 27 28 0 0.755
e 28 29 0 0.926
e 29 28 0 0.610
e 28 29 0 0.728
e 29 30 0 0.726
e 30 31 0 0.808
e 31 32 0 0.857
e 32 33 0 0.796
e 33 34 0 0.682
e 34 35 0 0.852
e 35 36 0 0.888
e 36 37 0 0.549
e 37 38 0 0.833
e 38 39 0 0.909
e 39 40 0 0.855
e 40 41 0 0.736
e 41 42 0 0.785
e 42 43 0 0.636
e 43 44 0 0.791
e 44 45 0 0.632
e 45 46 0 0.902
e 46 47 0 0.804
e 47 48 0 0.629
e 48 49 0 0.649
e 49 50 0 0.601
t # 79
v 0 7
v 1 6
v 2 1
v 3 3
v 4 6
v 5 8
v 6 9
v 7 9
v 8 9
v 9 8
v 10 7
v 11 7
v 12 4
v 13 4
v 14 6
v 15 7
v 16 2
v 17 0
v 18 0
v 19 5
v 20 4
v 21 3
v 22 5
v 23 1
v 24 0
e 0 1 0 0.856
e 1 2 0 0.867
e 2 3 0 0.708
e 3 4 0 0.574
e 4 5 0 0.786
e 5 6 0 0.862
e 6 7 0 0.877
e 7 8 0 0.999
e 8 9 0 0.763
e 9 10 0 0.797
e 10 11 0 0.837
e 11 12 0 0.930
e 12 13 0 0.806
e 13 14 0 0.675
e 14 15 0 0.850
e 15 16 0 0.704
e 16 17 0 0.928
e 17 18 0 0.733
e 18 19 0 0.803
e 19 20 0 0.737
e 20 21 0 0.668
e 21 22 0 0.838
e 22 23 0 0.773
e 23 24 0 0.811
t # 80
v 0 2
v 1 4
v 2 5
v 3 6
v 4 1
v 5 7
v 6 4
v 7 4
v 8 7
v 9 7
v 10 5
v 11 2
v 12 9
v 13 9
v 14 9
v 15 9
v 16 9
v 17 9
e 0 1 0 0.725
e 1 2 0 0.673
e 2 3 0 0.808
e 3 4 0 0.750
e 4 5 0 0.670
e 5 6 0 0.723
e 6 7 0 0.602
e 7 8 0 0.711
e 8 9 0 0.783
e 9 10 0 0.785
e 10 11 0 0.670
e 11 12 0 0.813
e 12 13 0 0.792
e 13 14 0 0.731
e 14 15 0 0.716
e 15 16 0 0.574
e 16 17 0 0.773
t # 81
v 0 0
v 1 0
v 2 2
v 3 4
v 4 7
v 5 7
v 6 6
v 7 5
v 8 9
v 9 9
v 10 9
v 11 9
v 12 9
v 13 9
v 14 9
v 15 9
v 16 9
v 17 8
v 18 9
v 19 9
v 20 9
v 21 9
v 22 9
v 23 1
v 24 9
v 25 9
v 26 8
v 27 0
v 28 2
v 29 8
v 30 5
v 31 3
v 32 0
v 33 0
v 34 0
e 0 1 0 0.803
e 1 2 0 0.751
e 2 3 0 0.986
e 3 4 0 0.832
e 4 5 0 0.848
e 5 6 0 0.894
e 6 7 0 0.780
e 7 8 0 0.953
e 8 9 0 0.498
e 9 10 0 0.697
e 10 11 0 0.814
e 11 12 0 0.784
e 12 13 0 0.968
e 13 14 0 0.647
e 14 15 0 0.908
e 15 16 0 0.810
e 16 17 0 0.594
e 17 18 0 0.674
e 18 19 0 0.655
e 19 20 0 0.850
e 20 21 0 0.719
e 21 22 0 0.863
e 22 23 0 0.755
e 23 24 0 0.811
e 24 25 0 0.697
e 25 26 0 0.965
e 26 27 0 0.729
e 27 28 0 0.755
e 28 29 0 0.886
e 29 30 0 0.925
e 30 31 0 0.676
e 31 32 0 0.730
e 32 33 0 0.541
e 33 34 0 0.632
e 34 33 0 0.814
t # 82
v 0 1
v 1 1
v 2 1
v 3 5
v 4 4
v 5 7
v 6 8
v 7 8
v 8 8
v 9 8
v 10 8
v 11 7
v 12 7
v 13 7
v 14 8
v 15 7
v 16 4
v 17 4
v 18 7
v 19 8
v 20 9
v 21 9
v 22 9
v 23 9
v 24 9
v 25 9
v 26 9
v 27 9
v 28 9
v 29 9
v 30 9
e 0 1 0 0.653
e 1 2 0 0.916
e 2 3 0 0.718
e 3 4 0 0.825
e 4 5 0 0.868
e 5 6 0 0.745
e 6 7 0 0.677
e 7 8 0 0.727
e 8 9 0 0.837
e 9 10 0 0.826
e 10 11 0 0.987
e 11 12 0 0.798
e 12 13 0 0.879
e 13 14 0 0.802
e 14 15 0 0.790
e 15 16 0 0.865
e 16 17 0 0.824
e 17 18 0 0.999
e 18 19 0 0.861
e 19 20 0 0.741
e 20 21 0 0.760
e 21 22 0 0.889
e 22 23 0 0.654
e 23 24 0 0.908
e 24 25 0 0.903
e 25 26 0 0.715
e 26 27 0 0.796
e 27 28 0 0.918
e 28 29 0 0.961
e 29 30 0 0.876
t # 83
v 0 2
v 1 5
v 2 5
v 3 4
v 4 4
v 5 8
v 6 8
v 7 7
v 8 7
v 9 9
v 10 9
v 11 5
v 12 6
v 13 8
v 14 8
v 15 8
v 16 8
v 17 7
v 18 6
v 19 6
v 20 8
v 21 5
v 22 4
v 23 6
v 24 7
v 25 2
v 26 3
v 27 4
v 28 4
v 29 2
v 30 4
v 31 3
v 32 7
v 33 5
v 34 0
v 35 0
v 36 0
v 37 4
v 38 5
v 39 6
v 40 6
e 0 1 0 0.972
e 1 2 0 0.812
e 2 3 0 0.859
e 3 4 0 0.798
e 4 5 0 0.862
e 5 6 0 0.758
e 6 7 0 0.825
e 7 8 0 0.708
e 8 9 0 0.811
e 9 10 0 0.754
e 10 11 0 0.744
e 11 12 0 0.994
e 12 13 0 0.774
e 13 14 0 0.900
e 14 15 0 0.897
e 15 16 0 0.801
e 16 17 0 0.851
e 17 18 0 0.739
e 18 19 0 0.878
e 19 20 0 0.855
e 20 21 0 0.596
e 21 22 0 0.781
e 22 23 0 0.707
e 23 24 0 0.799
e 24 25 0 0.933
e 25 26 0 0.847
e 26 27 0 0.770
e 27 28 0 0.744
e 28 29 0 0.725
e 29 30 0 0.757
e 30 31 0 0.841
e 31 32 0 0.521
e 32 33 0 0.825
e 33 34 0 0.690
e 34 35 0 0.804
e 35 36 0 0.834
e 36 35 0 0.650
e 35 37 0 0.772
e 37 38 0 0.670
e 38 39 0 0.826
e 39 40 0 0.910
t # 84
v 0 2
v 1 2
v 2 0
v 3 3
v 4 5
v 5 4
v 6 1
v 7 1
v 8 1
v 9 1
v 10 4
v 11 1
v 12 6
v 13 6
v 14 8
v 15 5
v 16 7
v 17 8
v 18 1
v 19 5
v 20 4
v 21 7
v 22 7
v 23 2
v 24 3
v 25 1
v 26 0
e 0 1 0 0.773
e 1 2 0 0.616
e 2 3 0 0.840
e 3 4 0 0.884
e 4 5 0 0.801
e 5 6 0 0.766
e 6 7 0 0.698
e 7 8 0 0.839
e 8 9 0 0.823
e 9 10 0 0.845
e 10 11 0 0.680
e 11 12 0 0.999
e 12 13 0 0.795
e 13 14 0 0.708
e 14 15 0 0.823
e 15 16 0 0.873
e 16 17 0 0.812
e 17 18 0 0.877
e 18 19 0 0.777
e 19 20 0 0.737
e 20 21 0 0.796
e 21 22 0 0.718
e 22 23 0 0.752
e 23 24 0 0.871
e 24 25 0 0.903
e 25 26 0 0.792
t # 85
v 0 1
v 1 2
v 2 1
v 3 0
v 4 2
v 5 3
v 6 2
v 7 4
v 8 6
v 9 9
v 10 5
v 11 3
v 12 6
v 13 0
v 14 3
v 15 6
v 16 8
v 17 8
v 18 8
v 19 5
v 20 6
v 21 6
v 22 6
v 23 4
v 24 6
v 25 6
v 26 8
v 27 7
v 28 7
v 29 8
v 30 8
v 31 6
v 32 2
v 33 2
v 34 2
e 0 1 0 0.769
e 1 2 0 0.889
e 2 3 0 0.767
e 3 4 0 0.806
e 4 5 0 0.944
e 5 6 0 0.664
e 6 7 0 0.766
e 7 8 0 0.583
e 8 9 0 0.551
e 9 10 0 0.743
e 10 11 0 0.691
e 11 12 0 0.951
e 12 13 0 0.611
e 13 14 0 0.878
e 14 15 0 0.759
e 15 16 0 0.798
e 16 17 0 0.855
e 17 18 0 0.623
e 18 19 0 0.836
e 19 20 0 0.876
e 20 21 0 0.663
e 21 22 0 0.686
e 22 23 0 0.851
e 23 24 0 0.999
e 24 25 0 0.788
e 25 26 0 0.670
e 26 27 0 0.954
e 27 28 0 0.776
e 28 29 0 0.854
e 29 30 0 0.717
e 30 31 0 0.872
e 31 32 0 0.756
e 32 33 0 0.883
e 33 34 0 0.782
t # 86
v 0 1
v 1 3
v 2 4
v 3 7
v 4 7
v 5 2
v 6 0
v 7 4
v 8 4
v 9 5
v 10 1
v 11 6
v 12 4
v 13 6
v 14 5
v 15 0
v 16 5
v 17 7
v 18 4
v 19 1
v 20 3
v 21 6
v 22 0
e 0 1 0 0.859
e 1 2 0 0.793
e 2 3 0 0.911
e 3 4 0 0.627
e 4 5 0 0.721
e 5 6 0 0.674
e 6 7 0 0.872
e 7 8 0 0.752
e 8 9 0 0.716
e 9 10 0 0.784
e 10 11 0 0.933
e 11 12 0 0.777
e 12 13 0 0.940
e 13 14 0 0.776
e 14 15 0 0.928
e 15 16 0 0.806
e 16 17 0 0.847
e 17 18 0 0.785
e 18 19 0 0.854
e 19 20 0 0.786
e 20 21 0 0.913
e 21 22 0 0.791
t # 87
v 0 5
v 1 2
v 2 1
v 3 3
v 4 0
v 5 1
v 6 1
v 7 4
v 8 3
v 9 4
v 10 2
v 11 6
v 12 1
v 13 7
v 14 6
v 15 0
v 16 1
v 17 6
v 18 8
v 19 7
v 20 3
v 21 8
v 22 3
v 23 1
v 24 5
v 25 7
v 26 9
v 27 7
v 28 9
v 29 8
v 30 8
v 31 3
v 32 2
v 33 3
v 34 3
v 35 2
v 36 0
e 0 1 0 0.938
e 1 2 0 0.906
e 2 3 0 0.851
e 3 4 0 0.659
e 4 5 0 0.671
e 5 6 0 0.886
e 6 3 0 0.820
e 3 7 0 0.822
e 7 8 0 0.663
e 8 9 0 0.834
e 9 10 0 0.757
e 10 11 0 0.794
e 11 12 0 0.780
e 12 13 0 0.770
e 13 14 0 0.810
e 14 15 0 0.708
e 15 16 0 0.975
e 16 17 0 0.735
e 17 18 0 0.719
e 18 19 0 0.780
e 19 20 0 0.792
e 20 21 0 0.900
e 21 22 0 0.723
e 22 23 0 0.736
e 23 24 0 0.735
e 24 25 0 0.896
e 25 26 0 0.999
e 26 27 0 0.858
e 27 28 0 0.911
e 28 29 0 0.745
e 29 30 0 0.876
e 30 31 0 0.939
e 31 32 0 0.919
e 32 33 0 0.870
e 33 34 0 0.701
e 34 35 0 0.825
e 35 36 0 0.942
t # 88
v 0 1
v 1 4
v 2 2
v 3 6
v 4 4
v 5 6
v 6 1
v 7 3
v 8 4
v 9 7
v 10 4
v 11 1
v 12 3
v 13 4
v 14 7
v 15 4
v 16 1
v 17 6
v 18 5
v 19 6
v 20 3
v 21 8
v 22 7
v 23 8
v 24 8
v 25 6
v 26 4
v 27 1
v 28 1
e 0 1 0 0.665
e 1 2 0 0.859
e 2 3 0 0.841
e 3 4 0 0.901
e 4 5 0 0.845
e 5 6 0 0.756
e 6 7 0 0.677
e 7 8 0 0.870
e 8 9 0 0.958
e 9 10 0 0.714
e 10 11 0 0.913
e 11 12 0 0.791
e 12 13 0 0.804
e 13 14 0 0.740
e 14 15 0 0.774
e 15 16 0 0.711
e 16 17 0 0.912
e 17 18 0 0.631
e 18 19 0 0.854
e 19 20 0 0.864
e 20 21 0 0.804
e 21 22 0 0.942
e 22 23 0 0.596
e 23 24 0 0.773
e 24 25 0 0.881
e 25 26 0 0.841
e 26 27 0 0.881
e 27 28 0 0.807
t # 89
v 0 2
v 1 3
v 2 3
v 3 5
v 4 2
v 5 1
v 6 1
v 7 3
v 8 3
v 9 3
v 10 1
v 11 0
v 12 0
v 13 5
v 14 4
v 15 2
v 16 3
v 17 1
v 18 3
v 19 1
v 20 2
v 21 2
v 22 0
v 23 0
v 24 3
v 25 1
v 26 2
e 0 1 0 0.627
e 1 2 0 0.823
e 2 3 0 0.790
e 3 4 0 0.934
e 4 5 0 0.594
e 5 6 0 0.843
e 6 7 0 0.850
e 7 8 0 0.759
e 8 9 0 0.874
e 9 10 0 0.738
e 10 11 0 0.801
e 11 12 0 0.716
e 12 13 0 0.820
e 13 14 0 0.890
e 14 15 0 0.721
e 15 16 0 0.947
e 16 17 0 0.800
e 17 18 0 0.595
e 18 19 0 0.926
e 19 20 0 0.776
e 20 21 0 0.926
e 21 22 0 0.817
e 22 23 0 0.809
e 23 24 0 0.781
e 24 25 0 0.676
e 25 26 0 0.576
t # 90
v 0 0
v 1 2
v 2 4
v 3 2
v 4 3
v 5 2
v 6 2
v 7 3
v 8 3
v 9 1
v 10 1
v 11 3
v 12 0
v 13 2
v 14 4
v 15 6
v 16 1
v 17 2
v 18 6
v 19 1
v 20 4
v 21 4
v 22 6
v 23 6
v 24 5
v 25 1
v 26 1
v 27 1
v 28 4
v 29 1
v 30 7
v 31 4
v 32 6
v 33 6
v 34 6
v 35 1
v 36 0
e 0 1 0 0.721
e 1 2 0 0.712
e 2 3 0 0.553
e 3 4 0 0.954
e 4 5 0 0.836
e 5 6 0 0.901
e 6 7 0 0.782
e 7 8 0 0.843
e 8 9 0 0.692
e 9 10 0 0.789
e 10 11 0 0.849
e 11 12 0 0.837
e 12 13 0 0.659
e 13 14 0 0.734
e 14 15 0 0.880
e 15 16 0 0.810
e 16 17 0 0.567
e 17 18 0 0.793
e 18 19 0 0.679
e 19 20 0 0.769
e 20 21 0 0.706
e 21 22 0 0.907
e 22 23 0 0.777
e 23 24 0 0.954
e 24 25 0 0.845
e 25 26 0 0.988
e 26 27 0 0.847
e 27 28 0 0.763
e 28 29 0 0.679
e 29 30 0 0.823
e 30 31 0 0.677
e 31 32 0 0.786
e 32 33 0 0.845
e 33 34 0 0.967
e 34 35 0 0.686
e 35 36 0 0.961
t # 91
v 0 0
v 1 1
v 2 0
v 3 3
v 4 2
v 5 6
v 6 7
v 7 4
v 8 6
v 9 8
v 10 5
v 11 6
v 12 8
v 13 8
v 14 9
v 15 9
v 16 9
v 17 9
v 18 7
v 19 1
v 20 7
v 21 9
v 22 9
v 23 9
v 24 9
v 25 9
v 26 9
v 27 9
e 0 1 0 0.891
e 1 2 0 0.939
e 2 3 0 0.907
e 3 4 0 0.838
e 4 5 0 0.673
e 5 6 0 0.861
e 6 7 0 0.770
e 7 8 0 0.524
e 8 9 0 0.646
e 9 10 0 0.989
e 10 11 0 0.761
e 11 12 0 0.642
e 12 13 0 0.904
e 13 14 0 0.828
e 14 15 0 0.808
e 15 16 0 0.588
e 16 17 0 0.737
e 17 18 0 0.876
e 18 19 0 0.644
e 19 20 0 0.785
e 20 21 0 0.802
e 21 22 0 0.850
e 22 23 0 0.845
e 23 24 0 0.920
e 24 25 0 0.814
e 25 26 0 0.816
e 26 27 0 0.797
t # 92
v 0 0
v 1 1
v 2 1
v 3 0
v 4 2
v 5 2
v 6 3
v 7 0
v 8 1
v 9 4
v 10 5
v 11 4
v 12 5
v 13 6
v 14 6
v 15 8
v 16 7
v 17 2
v 18 9
v 19 8
v 20 8
v 21 9
v 22 4
v 23 4
e 0 1 0 0.787
e 1 2 0 0.750
e 2 3 0 0.760
e 3 4 0 0.847
e 4 5 0 0.704
e 5 6 0 0.766
e 6 7 0 0.895
e 7 8 0 0.880
e 8 9 0 0.728
e 9 10 0 0.847
e 10 11 0 0.722
e 11 12 0 0.715
e 12 13 0 0.850
e 13 14 0 0.624
e 14 15 0 0.804
e 15 16 0 0.757
e 16 17 0 0.718
e 17 18 0 0.789
e 18 19 0 0.911
e 19 20 0 0.867
e 20 21 0 0.927
e 21 22 0 0.731
e 22 23 0 0.883
t # 93
v 0 0
v 1 3
v 2 4
v 3 6
v 4 3
v 5 1
v 6 3
v 7 2
v 8 0
v 9 1
v 10 2
v 11 9
v 12 6
v 13 3
v 14 4
v 15 7
v 16 6
v 17 1
v 18 0
v 19 6
v 20 4
v 21 0
v 22 2
v 23 3
v 24 2
v 25 4
e 0 1 0 0.820
e 1 2 0 0.922
e 2 3 0 0.755
e 3 4 0 0.885
e 4 5 0 0.694
e 5 6 0 0.476
e 6 7 0 0.636
e 7 8 0 0.748
e 8 9 0 0.750
e 9 10 0 0.854
e 10 11 0 0.846
e 11 12 0 0.928
e 12 13 0 0.821
e 13 14 0 0.731
e 14 15 0 0.769
e 15 16 0 0.900
e 16 17 0 0.769
e 17 18 0 0.828
e 18 19 0 0.813
e 19 20 0 0.778
e 20 21 0 0.872
e 21 22 0 0.699
e 22 23 0 0.735
e 23 24 0 0.773
e 24 25 0 0.690
t # 94
v 0 6
v 1 0
v 2 5
e 0 1 0 0.724
e 1 2 0 0.808
t # 95
v 0 0
v 1 0
v 2 4
v 3 0
v 4 1
v 5 1
v 6 3
v 7 7
v 8 9
v 9 9
v 10 8
v 11 9
v 12 9
e 0 1 0 0.742
e 1 2 0 0.767
e 2 3 0 0.710
e 3 4 0 0.895
e 4 5 0 0.623
e 5 6 0 0.831
e 6 7 0 0.889
e 7 8 0 0.846
e 8 9 0 0.817
e 9 10 0 0.675
e 10 11 0 0.623
e 11 12 0 0.768
t # 96
v 0 0
v 1 0
v 2 2
v 3 5
v 4 6
v 5 6
v 6 5
v 7 2
v 8 3
v 9 5
v 10 7
v 11 2
v 12 6
v 13 1
v 14 6
v 15 8
v 16 8
v 17 6
v 18 8
v 19 9
v 20 9
v 21 5
v 22 6
v 23 9
v 24 6
v 25 7
v 26 4
v 27 8
v 28 6
v 29 4
v 30 3
v 31 0
v 32 0
v 33 0
e 0 1 0 0.685
e 1 2 0 0.629
e 2 3 0 0.831
e 3 4 0 0.925
e 4 5 0 0.893
e 5 6 0 0.757
e 6 7 0 0.669
e 7 8 0 0.869
e 8 9 0 0.812
e 9 10 0 0.730
e 10 11 0 0.789
e 11 12 0 0.638
e 12 13 0 0.798
e 13 14 0 0.819
e 14 15 0 0.768
e 15 16 0 0.825
e 16 17 0 0.994
e 17 18 0 0.868
e 18 19 0 0.700
e 19 20 0 0.920
e 20 21 0 0.848
e 21 22 0 0.697
e 22 23 0 0.735
e 23 24 0 0.730
e 24 25 0 0.719
e 25 26 0 0.721
e 26 27 0 0.899
e 27 28 0 0.859
e 28 29 0 0.702
e 29 30 0 0.876
e 30 31 0 0.817
e 31 32 0 0.999
e 32 33 0 0.926
e 33 32 0 0.844
t # 97
v 0 0
v 1 1
v 2 4
v 3 2
v 4 0
v 5 4
v 6 1
v 7 4
v 8 5
v 9 4
v 10 7
v 11 7
v 12 1
v 13 4
v 14 6
v 15 9
v 16 7
v 17 6
v 18 1
v 19 3
v 20 1
v 21 1
v 22 1
v 23 0
v 24 0
v 25 3
v 26 2
v 27 8
v 28 8
v 29 8
v 30 7
v 31 4
v 32 9
v 33 9
v 34 9
e 0 1 0 0.798
e 1 2 0 0.900
e 2 3 0 0.774
e 3 4 0 0.950
e 4 5 0 0.796
e 5 6 0 0.762
e 6 7 0 0.654
e 7 8 0 0.698
e 8 9 0 0.787
e 9 10 0 0.848
e 10 11 0 0.768
e 11 12 0 0.779
e 12 13 0 0.989
e 13 14 0 0.839
e 14 15 0 0.883
e 15 16 0 0.703
e 16 17 0 0.911
e 17 18 0 0.871
e 18 19 0 0.920
e 19 20 0 0.651
e 20 21 0 0.676
e 21 22 0 0.764
e 22 23 0 0.713
e 23 24 0 0.829
e 24 25 0 0.896
e 25 26 0 0.803
e 26 27 0 0.853
e 27 28 0 0.747
e 28 29 0 0.748
e 29 30 0 0.727
e 30 31 0 0.790
e 31 32 0 0.934
e 32 33 0 0.905
e 33 34 0 0.632
t # 98
v 0 3
v 1 0
v 2 7
v 3 7
v 4 8
v 5 9
v 6 8
v 7 6
v 8 8
v 9 9
v 10 8
v 11 5
v 12 1
v 13 4
v 14 1
v 15 0
v 16 3
v 17 5
v 18 5
v 19 0
v 20 0
e 0 1 0 0.776
e 1 2 0 0.741
e 2 3 0 0.820
e 3 4 0 0.726
e 4 5 0 0.697
e 5 6 0 0.879
e 6 7 0 0.625
e 7 8 0 0.922
e 8 9 0 0.796
e 9 10 0 0.725
e 10 11 0 0.706
e 11 12 0 0.843
e 12 13 0 0.872
e 13 14 0 0.850
e 14 15 0 0.665
e 15 16 0 0.844
e 16 17 0 0.788
e 17 18 0 0.766
e 18 19 0 0.750
e 19 20 0 0.922
t # 99
v 0 1
v 1 0
v 2 3
v 3 5
v 4 5
v 5 1
v 6 4
v 7 4
v 8 6
v 9 7
v 10 6
v 11 5
v 12 1
v 13 0
v 14 3
v 15 4
v 16 5
v 17 3
v 18 0
v 19 1
v 20 7
v 21 4
v 22 6
v 23 7
v 24 3
v 25 0
v 26 5
v 27 6
v 28 6
v 29 4
v 30 1
v 31 0
e 0 1 0 0.820
e 1 2 0 0.619
e 2 3 0 0.809
e 3 4 0 0.753
e 4 5 0 0.849
e 5 6 0 0.663
e 6 7 0 0.818
e 7 8 0 0.680
e 8 9 0 0.590
e 9 10 0 0.689
e 10 11 0 0.824
e 11 12 0 0.933
e 12 13 0 0.831
e 13 14 0 0.714
e 14 15 0 0.868
e 15 16 0 0.523
e 16 17 0 0.769
e 17 18 0 0.888
e 18 19 0 0.549
e 19 20 0 0.679
e 20 21 0 0.837
e 21 22 0 0.999
e 22 23 0 0.949
e 23 24 0 0.999
e 24 25 0 0.906
e 25 26 0 0.725
e 26 27 0 0.580
e 27 28 0 0.799
e 28 29 0 0.892
e 29 30 0 0.780
e 30 31 0 0.835
t # 100
v 0 1
v 1 3
v 2 9
v 3 5
v 4 4
v 5 4
v 6 6
v 7 6
v 8 7
v 9 8
v 10 8
v 11 8
v 12 7
v 13 8
v 14 4
v 15 7
v 16 7
v 17 8
v 18 0
e 0 1 0 0.727
e 1 2 0 0.840
e 2 3 0 0.953
e 3 4 0 0.673
e 4 5 0 0.877
e 5 6 0 0.796
e 6 7 0 0.935
e 7 8 0 0.692
e 8 9 0 0.844
e 9 10 0 0.814
e 10 11 0 0.895
e 11 12 0 0.856
e 12 13 0 0.760
e 13 14 0 0.760
e 14 15 0 0.694
e 15 16 0 0.825
e 16 17 0 0.851
e 17 18 0 0.790
t # 101
v 0 0
v 1 0
v 2 1
v 3 2
v 4 2
v 5 3
v 6 0
v 7 3
v 8 1
v 9 1
v 10 2
v 11 1
v 12 0
v 13 3
v 14 6
v 15 5
v 16 3
v 17 0
v 18 1
v 19 4
v 20 6
v 21 7
v 22 9
v 23 7
v 24 6
v 25 7
v 26 6
v 27 2
v 28 6
v 29 7
v 30 8
v 31 9
v 32 9
v 33 9
v 34 9
v 35 9
v 36 8
v 37 8
v 38 7
v 39 4
v 40 8
v 41 9
v 42 9
v 43 9
v 44 9
v 45 8
v 46 9
e 0 1 0 0.818
e 1 2 0 0.711
e 2 3 0 0.732
e 3 4 0 0.854
e 4 5 0 0.818
e 5 6 0 0.999
e 6 7 0 0.750
e 7 8 0 0.847
e 8 9 0 0.730
e 9 10 0 0.882
e 10 11 0 0.893
e 11 12 0 0.883
e 12 13 0 0.721
e 13 14 0 0.834
e 14 15 0 0.810
e 15 16 0 0.802
e 16 17 0 0.876
e 17 18 0 0.842
e 18 19 0 0.753
e 19 20 0 0.738
e 20 21 0 0.826
e 21 22 0 0.952
e 22 23 0 0.718
e 23 24 0 0.812
e 24 25 0 0.851
e 25 26 0 0.795
e 26 27 0 0.899
e 27 28 0 0.741
e 28 29 0 0.795
e 29 30 0 0.800
e 30 31 0 0.647
e 31 32 0 0.759
e 32 33 0 0.896
e 33 34 0 0.654
e 34 35 0 0.805
e 35 36 0 0.757
e 36 37 0 0.921
e 37 38 0 0.723
e 38 39 0 0.802
e 39 40 0 0.670
e 40 41 0 0.866
e 41 42 0 0.823
e 42 43 0 0.893
e 43 44 0 0.936
e 44 45 0 0.775
e 45 46 0 0.848
t # 102
v 0 3
v 1 7
v 2 8
v 3 8
v 4 8
v 5 8
v 6 9
v 7 9
v 8 8
v 9 7
v 10 8
v 11 8
v 12 8
v 13 8
v 14 8
v 15 9
v 16 9
v 17 8
v 18 9
v 19 7
v 20 8
v 21 9
v 22 9
v 23 8
e 0 1 0 0.676
e 1 2 0 0.779
e 2 3 0 0.772
e 3 4 0 0.732
e 4 5 0 0.804
e 5 6 0 0.830
e 6 7 0 0.699
e 7 8 0 0.659
e 8 9 0 0.999
e 9 10 0 0.792
e 10 11 0 0.746
e 11 12 0 0.765
e 12 13 0 0.670
e 13 14 0 0.909
e 14 15 0 0.790
e 15 16 0 0.785
e 16 17 0 0.767
e 17 18 0 0.798
e 18 19 0 0.862
e 19 20 0 0.902
e 20 21 0 0.795
e 21 22 0 0.918
e 22 23 0 0.866
t # 103
v 0 2
v 1 6
v 2 6
v 3 4
v 4 4
v 5 2
v 6 5
v 7 3
v 8 4
v 9 1
v 10 2
v 11 5
v 12 1
v 13 7
v 14 4
v 15 4
v 16 4
v 17 4
v 18 3
v 19 5
v 20 1
v 21 0
e 0 1 0 0.903
e 1 2 0 0.691
e 2 3 0 0.714
e 3 4 0 0.694
e 4 5 0 0.824
e 5 6 0 0.694
e 6 7 0 0.746
e 7 8 0 0.674
e 8 9 0 0.932
e 9 10 0 0.699
e 10 11 0 0.865
e 11 12 0 0.803
e 12 13 0 0.819
e 13 14 0 0.797
e 14 15 0 0.925
e 15 16 0 0.760
e 16 17 0 0.876
e 17 18 0 0.644
e 18 19 0 0.713
e 19 20 0 0.742
e 20 21 0 0.907
t # 104
v 0 0
v 1 2
v 2 6
v 3 5
v 4 3
v 5 0
v 6 5
v 7 5
v 8 4
v 9 6
v 10 7
v 11 5
v 12 0
v 13 1
v 14 2
v 15 1
v 16 2
v 17 2
v 18 1
v 19 1
v 20 3
v 21 2
v 22 3
v 23 1
v 24 3
v 25 3
v 26 3
v 27 4
v 28 8
v 29 5
v 30 1
v 31 3
v 32 5
v 33 4
v 34 2
v 35 0
v 36 2
v 37 0
e 0 1 0 0.692
e 1 2 0 0.647
e 2 3 0 0.679
e 3 4 0 0.822
e 4 5 0 0.703
e 5 6 0 0.990
e 6 7 0 0.631
e 7 8 0 0.555
e 8 9 0 0.678
e 9 10 0 0.805
e 10 11 0 0.883
e 11 12 0 0.933
e 12 13 0 0.914
e 13 14 0 0.835
e 14 15 0 0.722
e 15 16 0 0.788
e 16 17 0 0.900
e 17 18 0 0.702
e 18 19 0 0.704
e 19 20 0 0.999
e 20 21 0 0.828
e 21 22 0 0.768
e 22 23 0 0.805
e 23 24 0 0.889
e 24 25 0 0.948
e 25 26 0 0.759
e 26 27 0 0.843
e 27 28 0 0.919
e 28 29 0 0.776
e 29 30 0 0.759
e 30 31 0 0.987
e 31 32 0 0.702
e 32 33 0 0.816
e 33 34 0 0.860
e 34 35 0 0.759
e 35 36 0 0.820
e 36 37 0 0.840
t # 105
v 0 0
v 1 0
e 0 1 0 0.765
