t # 0
v 0 14
v 1 6
v 2 0
v 3 2
v 4 7
v 5 2
v 6 6
v 7 0
v 8 5
v 9 1
v 10 2
v 11 5
v 12 2
v 13 7
v 14 6
e 0 2 0 0.581
e 0 3 0 0.165
e 0 4 0 0.156
e 0 5 0 0.169
e 0 6 0 0.260
e 0 7 0 0.200
e 0 8 0 0.381
e 0 9 0 0.276
e 0 10 0 0.850
e 0 11 0 0.152
e 0 12 0 0.225
e 0 13 0 0.269
e 0 14 0 0.167
e 3 4 0 0.200
e 3 12 0 0.340
e 9 10 0 0.539
e 11 13 0 0.193
t # 1
v 0 3
v 1 1
v 2 0
v 3 0
v 4 5
v 5 0
v 6 0
v 7 5
v 8 12
v 9 1
v 10 11
v 11 1
v 12 0
v 13 0
v 14 0
e 1 2 0 0.388
e 1 3 0 0.327
e 1 4 0 0.285
e 1 5 0 0.288
e 1 6 0 0.151
e 1 7 0 0.231
e 1 8 0 0.153
e 1 9 0 0.426
e 1 10 0 0.398
e 1 11 0 0.220
e 1 12 0 0.221
e 1 13 0 0.212
e 1 14 0 0.169
e 4 11 0 0.215
e 4 14 0 0.154
e 5 12 0 0.232
e 6 14 0 0.202
e 7 11 0 0.229
e 13 14 0 0.348
t # 2
v 0 4
v 1 11
v 2 3
v 3 2
v 4 13
v 5 6
v 6 11
v 7 2
v 8 0
v 9 2
v 10 2
v 11 0
v 12 1
v 13 4
v 14 1
e 1 2 0 0.190
e 1 3 0 0.384
e 1 4 0 0.214
e 1 5 0 0.212
e 1 6 0 0.169
e 1 7 0 0.163
e 1 8 0 0.161
e 1 9 0 0.382
e 2 9 0 0.094
e 6 9 0 0.161
e 8 10 0 0.229
e 8 11 0 0.150
e 8 12 0 0.167
e 8 13 0 0.198
e 8 14 0 0.589
e 11 12 0 0.223
e 11 14 0 0.686
e 13 14 0 0.232
t # 3
v 0 3
v 1 0
v 2 2
v 3 2
v 4 0
v 5 2
v 6 0
v 7 2
v 8 1
v 9 0
v 10 0
v 11 5
v 12 3
v 13 0
v 14 3
e 1 2 0 0.142
e 1 3 0 0.159
e 1 4 0 0.296
e 1 5 0 0.164
e 1 6 0 0.259
e 1 7 0 0.256
e 1 8 0 0.281
e 1 9 0 0.166
e 1 10 0 0.179
e 1 11 0 0.202
e 1 12 0 0.134
e 1 13 0 0.177
e 1 14 0 0.619
e 2 7 0 0.043
e 2 10 0 0.187
e 3 6 0 0.070
e 3 8 0 0.233
e 3 9 0 0.158
e 3 11 0 0.195
e 3 14 0 0.096
e 4 5 0 0.234
e 4 8 0 0.268
e 4 12 0 0.089
e 5 6 0 0.104
e 5 8 0 0.228
e 5 14 0 0.161
e 6 8 0 0.205
e 6 9 0 0.172
e 6 10 0 0.208
e 6 11 0 0.194
e 7 9 0 0.088
e 7 10 0 0.330
e 7 13 0 0.114
e 7 14 0 0.915
e 8 9 0 0.119
e 8 10 0 0.159
t # 4
v 0 14
v 1 6
v 2 11
v 3 1
v 4 6
v 5 3
v 6 1
v 7 9
v 8 15
v 9 14
v 10 14
v 11 0
v 12 12
v 13 15
v 14 6
e 0 2 0 0.360
e 0 3 0 0.552
e 0 4 0 0.217
e 0 5 0 0.172
e 0 6 0 0.414
e 0 7 0 0.250
e 0 8 0 0.157
e 0 9 0 0.234
e 0 10 0 0.343
e 0 11 0 0.183
e 0 12 0 0.275
e 0 13 0 0.285
e 0 14 0 0.382
e 3 8 0 0.683
e 3 9 0 0.455
e 3 13 0 0.708
e 4 14 0 0.499
e 7 10 0 0.333
e 8 10 0 0.183
e 9 13 0 0.453
e 10 13 0 0.220
t # 5
v 0 2
v 1 2
v 2 4
v 3 0
v 4 2
v 5 3
v 6 0
v 7 7
v 8 1
v 9 1
v 10 2
v 11 0
v 12 1
v 13 0
v 14 1
e 1 2 0 0.922
e 1 3 0 0.320
e 1 4 0 0.216
e 1 5 0 0.205
e 1 6 0 0.298
e 1 7 0 0.256
e 1 8 0 0.208
e 1 9 0 0.622
e 1 10 0 0.258
e 1 11 0 0.384
e 1 12 0 0.852
e 1 13 0 0.400
e 1 14 0 0.690
e 3 5 0 0.205
e 3 9 0 0.761
e 3 12 0 0.820
e 3 14 0 0.725
e 4 6 0 0.368
e 5 11 0 0.211
e 6 12 0 0.203
e 6 13 0 0.156
e 8 9 0 0.179
e 8 10 0 0.575
e 9 13 0 0.140
e 10 12 0 0.566
e 10 13 0 0.207
e 10 14 0 0.512
e 11 13 0 0.195
e 13 14 0 0.639
t # 6
v 0 12
v 1 8
v 2 13
v 3 5
v 4 2
v 5 9
v 6 1
v 7 3
v 8 2
v 9 8
v 10 5
v 11 5
v 12 5
v 13 0
v 14 13
e 1 2 0 0.047
e 1 3 0 0.080
e 1 4 0 0.537
e 1 5 0 0.045
e 1 6 0 0.313
e 1 7 0 0.128
e 1 8 0 0.158
e 1 9 0 0.334
e 1 10 0 0.089
e 1 11 0 0.167
e 1 12 0 0.132
e 1 13 0 0.172
e 1 14 0 0.104
e 2 13 0 0.159
e 3 4 0 0.042
e 3 5 0 0.043
e 3 10 0 0.098
e 5 10 0 0.042
t # 7
v 0 11
v 1 5
v 2 5
v 3 4
v 4 8
v 5 1
v 6 6
v 7 13
v 8 0
v 9 6
v 10 3
v 11 6
v 12 1
v 13 0
v 14 1
e 0 2 0 0.161
e 0 3 0 0.192
e 0 4 0 0.181
e 0 5 0 0.354
e 0 6 0 0.347
e 0 7 0 0.238
e 0 8 0 0.202
e 0 9 0 0.169
e 0 10 0 0.193
e 0 11 0 0.169
e 0 12 0 0.106
e 0 13 0 0.161
e 0 14 0 0.354
e 1 8 0 0.204
e 3 10 0 0.149
e 4 5 0 0.252
e 4 7 0 0.332
e 4 14 0 0.252
e 6 7 0 0.321
e 8 14 0 0.227
e 9 13 0 0.161
t # 8
v 0 12
v 1 11
v 2 2
v 3 0
v 4 2
v 5 2
v 6 8
v 7 4
v 8 1
v 9 3
v 10 5
v 11 0
v 12 13
v 13 7
v 14 7
e 0 2 0 0.288
e 0 3 0 0.224
e 0 4 0 0.288
e 0 5 0 0.151
e 0 6 0 0.183
e 0 7 0 0.440
e 0 8 0 0.175
e 0 9 0 0.885
e 0 10 0 0.191
e 0 11 0 0.197
e 0 12 0 0.343
e 0 13 0 0.196
e 0 14 0 0.402
e 1 6 0 0.358
t # 9
v 0 2
v 1 11
v 2 5
v 3 1
v 4 1
v 5 1
v 6 0
v 7 2
v 8 4
v 9 4
v 10 1
v 11 4
v 12 1
v 13 8
v 14 0
e 0 2 0 0.158
e 0 3 0 0.075
e 0 4 0 0.075
e 0 5 0 0.075
e 0 6 0 0.471
e 0 7 0 0.163
e 0 8 0 0.191
e 0 9 0 0.191
e 0 10 0 0.061
e 0 11 0 0.674
e 0 12 0 0.418
e 0 13 0 0.219
e 0 14 0 0.169
e 2 3 0 0.176
e 2 4 0 0.176
e 2 5 0 0.176
e 3 4 0 0.176
e 3 5 0 0.176
e 4 6 0 0.153
e 4 11 0 0.349
e 5 6 0 0.153
e 5 11 0 0.349
e 6 11 0 0.349
e 7 11 0 0.240
e 8 11 0 0.112
e 8 14 0 0.515
e 11 14 0 0.227
e 13 14 0 0.212
t # 10
v 0 0
v 1 1
v 2 0
v 3 6
v 4 15
v 5 3
v 6 3
v 7 3
v 8 3
v 9 3
v 10 3
v 11 3
v 12 3
v 13 3
v 14 3
e 0 2 0 0.307
e 0 3 0 0.396
e 0 4 0 0.227
e 0 5 0 0.073
e 0 6 0 0.073
e 0 7 0 0.137
e 0 8 0 0.137
e 0 9 0 0.119
e 0 10 0 0.085
e 0 11 0 0.851
e 0 12 0 0.102
e 0 13 0 0.073
e 0 14 0 0.301
e 6 10 0 0.270
e 6 11 0 0.077
e 7 10 0 0.275
e 7 11 0 0.077
e 11 13 0 0.275
e 12 13 0 0.077
t # 11
v 0 2
v 1 6
v 2 0
v 3 1
v 4 1
v 5 0
v 6 0
v 7 0
v 8 6
v 9 3
v 10 1
v 11 4
v 12 12
v 13 6
v 14 3
e 0 2 0 0.142
e 0 3 0 0.167
e 0 4 0 0.183
e 0 5 0 0.133
e 0 6 0 0.244
e 0 7 0 0.150
e 0 8 0 0.172
e 0 9 0 0.148
e 0 10 0 0.150
e 0 11 0 0.197
e 0 12 0 0.406
e 0 13 0 0.325
e 0 14 0 0.161
e 1 6 0 0.197
e 4 10 0 0.246
e 6 7 0 0.170
e 6 9 0 0.168
e 7 10 0 0.094
e 11 14 0 0.158
t # 12
v 0 6
v 1 10
v 2 4
v 3 6
v 4 3
v 5 5
v 6 3
v 7 0
v 8 14
v 9 6
v 10 2
v 11 5
v 12 6
v 13 2
v 14 1
e 1 2 0 0.392
e 1 3 0 0.353
e 1 4 0 0.264
e 1 5 0 0.206
e 1 6 0 0.187
e 1 7 0 0.536
e 1 8 0 0.173
e 1 9 0 0.349
e 1 10 0 0.196
e 1 11 0 0.248
e 1 12 0 0.214
e 1 13 0 0.196
e 1 14 0 0.185
e 5 6 0 0.201
e 6 12 0 0.214
e 7 10 0 0.059
e 7 13 0 0.059
e 8 12 0 0.220
e 10 13 0 0.195
t # 13
v 0 6
v 1 8
v 2 0
v 3 2
v 4 4
v 5 4
v 6 2
v 7 1
v 8 1
v 9 2
v 10 1
v 11 2
v 12 0
v 13 0
v 14 2
e 0 2 0 0.258
e 0 3 0 0.388
e 0 4 0 0.224
e 0 5 0 0.188
e 0 6 0 0.067
e 0 7 0 0.428
e 0 8 0 0.205
e 0 9 0 0.191
e 0 10 0 0.205
e 0 11 0 0.215
e 0 12 0 0.279
e 0 13 0 0.250
e 0 14 0 0.602
e 3 5 0 0.191
e 3 6 0 0.104
e 3 7 0 0.292
e 3 8 0 0.159
e 3 9 0 0.161
e 3 10 0 0.159
e 3 12 0 0.202
e 3 13 0 0.097
e 3 14 0 0.659
e 4 5 0 0.462
e 4 8 0 0.292
e 4 10 0 0.292
e 4 12 0 0.114
e 4 13 0 0.301
e 4 14 0 0.564
e 5 7 0 0.205
e 5 13 0 0.109
e 6 7 0 0.194
e 6 9 0 0.915
e 6 13 0 0.191
e 7 13 0 0.177
e 8 9 0 0.181
e 8 10 0 0.201
e 8 12 0 0.289
e 8 13 0 0.643
e 8 14 0 0.493
e 9 12 0 0.171
e 9 13 0 0.159
e 9 14 0 0.204
e 10 11 0 0.194
e 10 13 0 0.188
e 11 12 0 0.171
e 11 13 0 0.159
e 11 14 0 0.204
e 13 14 0 0.317
